37,1,0,0,95,40272,0
37,2,0,0,95,40273,0
37,3,0,0,95,40274,0
37,4,0,0,95,40275,0
37,5,0,0,95,40276,0
97,6,0,0,95,40277,0
97,7,0,0,95,40278,0
117,8,0,0,95,40279,0
117,9,0,0,95,40280,0
117,10,0,0,95,40281,0
117,11,0,0,95,40282,0
117,12,0,0,95,40283,0
117,13,0,0,95,40284,0
117,14,0,0,95,40285,0
117,15,0,0,95,40286,0
117,16,0,0,95,40287,0
117,17,0,0,95,40288,0
117,18,0,0,95,40289,0
117,19,0,0,95,40290,0
117,20,0,0,96,40290,0
117,21,0,0,96,40291,0
117,22,0,0,96,40292,0
117,23,0,0,96,40293,0
117,24,0,0,96,40294,0
117,25,0,0,97,40294,0
117,26,0,0,97,40295,0
117,27,0,0,97,40296,0
117,28,0,0,97,40297,0
117,29,0,0,97,40298,0
117,30,0,0,97,40299,0
117,31,0,0,97,40300,0
117,32,0,0,97,40301,0
117,34,117,1,97,40302,0
117,35,117,1,97,40303,0
117,36,117,1,97,40304,0
117,37,117,1,97,40305,0
117,38,117,1,97,40306,0
117,39,117,1,97,40307,0
117,40,117,1,97,40308,0
117,41,117,1,97,40309,0
117,42,117,1,97,40310,0
117,43,117,1,97,40311,0
117,44,117,1,97,40312,0
117,45,117,1,97,40313,0
117,46,117,1,97,40314,0
117,48,117,2,97,40315,0
117,49,117,2,97,40316,0
117,50,117,2,97,40317,0
117,51,117,2,97,40318,0
117,52,117,2,97,40319,0
117,53,117,2,97,40320,0
117,54,117,2,97,40321,0
117,55,117,2,97,40322,0
117,56,117,2,97,40323,0
117,57,117,2,97,40324,0
117,58,117,2,97,40325,0
117,59,117,2,97,40326,0
117,60,117,2,97,40327,0
117,61,117,2,97,40328,0
117,62,117,2,97,40329,0
117,63,117,2,97,40330,0
117,64,117,2,97,40331,0
117,65,117,2,97,40332,0
117,66,117,2,97,40333,0
117,67,117,2,97,40334,0
117,68,117,2,97,40335,0
117,69,117,2,97,40336,0
117,70,117,2,97,40337,0
117,71,117,2,97,40338,0
117,72,117,2,97,40339,0
117,73,117,2,97,40340,0
117,74,117,2,97,40341,0
117,75,117,2,97,40342,0
117,76,117,2,97,40343,0
117,77,117,2,97,40344,0
117,78,117,2,97,40345,0
117,79,117,2,97,40346,0
117,80,117,2,97,40347,0
117,81,117,2,97,40348,0
117,82,117,2,97,40349,0
117,83,117,2,97,40350,0
117,84,117,2,97,40351,0
117,85,117,2,97,40352,0
117,86,117,2,97,40353,0
117,87,117,2,97,40354,0
117,88,117,2,97,40355,0
117,89,117,2,97,40356,0
117,90,117,2,97,40357,0
117,91,117,2,97,40358,0
117,92,117,2,97,40359,0
117,93,117,2,97,40360,0
117,94,117,2,97,40361,0
117,95,117,2,97,40362,0
117,96,117,2,97,40363,0
117,97,117,2,97,40364,0
141,98,117,2,97,40365,0
141,99,117,2,97,40366,0
141,100,117,2,97,40367,0
141,101,117,2,97,40368,0
141,102,117,2,97,40369,0
198,103,117,2,97,40370,0
198,104,117,2,97,40371,0
217,105,117,2,97,40372,0
217,106,117,2,97,40373,0
217,107,117,2,97,40374,0
217,108,117,2,97,40375,0
218,109,117,2,97,40376,0
218,110,117,2,97,40377,0
218,111,117,2,97,40378,0
218,112,117,2,97,40379,0
218,113,117,2,97,40380,0
218,114,117,2,98,40380,0
218,115,117,2,98,40381,0
218,116,117,2,98,40382,0
218,117,117,2,98,40383,0
218,118,117,2,98,40384,0
218,119,117,2,98,40385,0
218,120,117,2,98,40386,0
218,121,117,2,98,40387,0
218,122,117,2,98,40388,0
218,123,117,2,98,40389,0
218,124,117,2,98,40390,0
218,125,117,2,98,40391,0
219,126,117,2,98,40392,0
219,127,117,2,98,40393,0
219,128,117,2,98,40394,0
219,129,117,2,98,40395,0
219,130,117,2,98,40396,0
219,131,117,2,98,40397,0
219,132,117,2,98,40398,0
219,133,117,2,98,40399,0
219,134,117,2,98,40400,0
219,136,219,3,98,40401,0
219,137,219,3,98,40402,0
219,138,219,3,98,40403,0
219,139,219,3,98,40404,0
219,140,219,3,98,40405,0
219,141,219,3,98,40406,0
219,142,219,3,98,40407,0
219,143,219,3,98,40408,0
219,144,219,3,98,40409,0
219,145,219,3,98,40410,0
219,146,219,3,98,40411,0
219,147,219,3,98,40412,0
219,148,219,3,98,40413,0
219,149,219,3,98,40414,0
219,150,219,3,98,40415,0
219,151,219,3,98,40416,0
219,152,219,3,98,40417,0
219,153,219,3,98,40418,0
219,154,219,3,98,40419,0
219,155,219,3,98,40420,0
219,156,219,3,98,40421,0
219,157,219,3,98,40422,0
219,158,219,3,98,40423,0
219,159,219,3,98,40424,0
219,160,219,3,98,40425,0
219,161,219,3,98,40426,0
219,162,219,3,98,40427,0
219,163,219,3,98,40428,0
219,164,219,3,98,40429,0
219,165,219,3,98,40430,0
219,166,219,3,98,40431,0
219,167,219,3,98,40432,0
219,168,219,3,98,40433,0
219,169,219,3,98,40434,0
219,170,219,3,98,40435,0
219,171,219,3,98,40436,0
219,172,219,3,98,40437,0
219,173,219,3,98,40438,0
219,174,219,3,99,40438,0
219,175,219,3,99,40439,0
219,176,219,3,100,40439,0
219,177,219,3,100,40440,0
219,178,219,3,100,40441,0
219,179,219,3,100,40442,0
219,180,219,3,100,40443,0
219,181,219,3,100,40444,0
219,182,219,3,100,40445,0
219,183,219,3,100,40446,0
219,184,219,3,100,40447,0
219,187,219,5,100,40448,0
219,188,219,5,100,40449,0
219,189,219,5,100,40450,0
219,190,219,5,100,40451,0
219,191,219,5,100,40452,0
219,192,219,5,100,40453,0
247,193,219,5,100,40454,0
247,194,219,5,100,40455,0
247,195,219,5,100,40456,0
247,196,219,5,100,40457,0
247,197,219,5,100,40458,0
317,198,219,5,100,40459,0
317,199,219,5,100,40460,0
337,200,219,5,100,40461,0
337,201,219,5,100,40462,0
337,202,219,5,100,40463,0
337,203,219,5,100,40464,0
337,204,219,5,101,40464,0
337,205,219,5,101,40465,0
337,206,219,5,101,40466,0
337,207,219,5,101,40467,0
337,208,219,5,101,40468,0
337,209,219,5,101,40469,0
337,210,219,5,101,40470,0
337,211,219,5,101,40471,0
337,212,219,5,101,40472,0
337,213,219,5,101,40473,0
337,214,219,5,101,40474,0
337,215,219,5,101,40475,0
337,216,219,5,101,40476,0
337,217,219,5,101,40477,0
337,218,219,5,101,40478,0
337,219,219,5,101,40479,0
337,220,219,5,101,40480,0
337,221,219,5,101,40481,0
337,222,219,5,101,40482,0
337,223,219,5,101,40483,0
337,224,219,5,101,40484,0
337,225,219,5,101,40485,0
337,226,219,5,101,40486,0
337,227,219,5,101,40487,0
337,228,219,5,101,40488,0
337,229,219,5,101,40489,0
337,230,219,5,101,40490,0
337,232,337,6,101,40491,0
337,233,337,6,101,40492,0
337,234,337,6,101,40493,0
337,235,337,6,101,40494,0
337,236,337,6,101,40495,0
337,237,337,6,101,40496,0
337,238,337,6,101,40497,0
337,239,337,6,101,40498,0
337,240,337,6,101,40499,0
337,241,337,6,101,40500,0
337,242,337,6,101,40501,0
337,243,337,6,101,40502,0
337,244,337,6,101,40503,0
337,245,337,6,101,40504,0
337,246,337,6,101,40505,0
337,247,337,6,101,40506,0
337,248,337,6,101,40507,0
337,249,337,6,101,40508,0
337,250,337,6,101,40509,0
337,251,337,6,101,40510,0
337,252,337,6,101,40511,0
337,253,337,6,101,40512,0
337,254,337,6,101,40513,0
337,255,337,6,101,40514,0
337,256,337,6,101,40515,0
337,257,337,6,101,40516,0
337,258,337,6,102,40516,0
337,260,337,7,102,40517,0
337,261,337,7,102,40518,0
337,262,337,7,102,40519,0
337,263,337,7,102,40520,0
337,264,337,7,103,40520,0
337,266,337,8,103,40521,0
337,267,337,8,103,40522,0
337,268,337,8,103,40523,0
337,269,337,8,103,40524,0
337,271,337,9,103,40525,0
337,272,337,9,103,40526,0
337,273,337,9,103,40527,0
337,274,337,9,103,40528,0
337,275,337,9,103,40529,0
337,276,337,9,103,40530,0
337,277,337,9,103,40531,0
337,278,337,9,103,40532,0
337,279,337,9,103,40533,0
337,280,337,9,103,40534,0
337,281,337,9,103,40535,0
337,282,337,9,103,40536,0
337,283,337,9,103,40537,0
337,284,337,9,103,40538,0
337,285,337,9,103,40539,0
337,286,337,9,104,40539,0
337,287,337,9,104,40540,0
337,288,337,9,104,40541,0
337,289,337,9,104,40542,0
337,290,337,9,104,40543,0
356,292,337,10,104,40544,0
356,293,337,10,104,40545,0
356,294,337,10,104,40546,0
356,295,337,10,104,40547,0
356,296,337,10,104,40548,0
417,297,337,10,104,40549,0
417,298,337,10,104,40550,0
438,299,337,10,104,40551,0
438,300,337,10,104,40552,0
438,301,337,10,104,40553,0
438,302,337,10,104,40554,0
438,303,337,10,104,40555,0
438,304,337,10,104,40556,0
438,305,337,10,104,40557,0
438,306,337,10,104,40558,0
438,307,337,10,104,40559,0
438,308,337,10,104,40560,0
438,309,337,10,104,40561,0
438,310,337,10,104,40562,0
438,311,337,10,104,40563,0
438,312,337,10,104,40564,0
438,313,337,10,104,40565,0
438,314,337,10,104,40566,0
438,315,337,10,104,40567,0
438,316,337,10,104,40568,0
438,317,337,10,104,40569,0
438,318,337,10,104,40570,0
438,319,337,10,104,40571,0
438,320,337,10,104,40572,0
438,321,337,10,104,40573,0
438,322,337,10,104,40574,0
438,323,337,10,104,40575,0
438,324,337,10,104,40576,0
438,325,337,10,104,40577,0
438,326,337,10,104,40578,0
438,327,337,10,104,40579,0
438,328,337,10,104,40580,0
438,329,337,10,104,40581,0
438,330,337,10,104,40582,0
438,331,337,10,104,40583,0
438,332,337,10,104,40584,0
438,333,337,10,104,40585,0
438,334,337,10,104,40586,0
438,335,337,10,104,40587,0
438,336,337,10,104,40588,0
438,337,337,10,104,40589,0
438,338,337,10,104,40590,0
438,339,337,10,104,40591,0
438,340,337,10,104,40592,0
438,341,337,10,104,40593,0
438,342,337,10,104,40594,0
438,343,337,10,104,40595,0
438,344,337,10,104,40596,0
438,345,337,10,104,40597,0
438,346,337,10,104,40598,0
438,347,337,10,104,40599,0
438,348,337,10,104,40600,0
438,349,337,10,104,40601,0
438,350,337,10,104,40602,0
438,351,337,10,104,40603,0
438,352,337,10,104,40604,0
438,353,337,10,104,40605,0
438,354,337,10,104,40606,0
438,355,337,10,104,40607,0
438,356,337,10,104,40608,0
438,357,337,10,104,40609,0
438,358,337,10,104,40610,0
438,359,337,10,104,40611,0
438,360,337,10,104,40612,0
438,361,337,10,105,40612,0
438,362,337,10,105,40613,0
438,363,337,10,105,40614,0
438,364,337,10,106,40614,0
438,365,337,10,106,40615,0
438,366,337,10,106,40616,0
439,368,439,11,106,40617,0
439,369,439,11,106,40618,0
439,370,439,11,106,40619,0
439,371,439,11,106,40620,0
439,373,439,12,106,40621,0
439,374,439,12,106,40622,0
439,375,439,12,106,40623,0
439,376,439,12,106,40624,0
439,377,439,12,106,40625,0
439,378,439,12,106,40626,0
439,380,439,13,106,40627,0
439,381,439,13,106,40628,0
439,382,439,13,106,40629,0
439,383,439,13,106,40630,0
439,384,439,13,107,40630,0
439,385,439,13,108,40630,0
439,386,439,13,108,40631,0
439,387,439,13,108,40632,0
439,388,439,13,108,40633,0
456,391,439,15,108,40634,0
456,392,439,15,108,40635,0
456,393,439,15,108,40636,0
456,394,439,15,108,40637,0
456,395,439,15,108,40638,0
527,396,439,15,108,40639,0
527,397,439,15,108,40640,0
547,398,439,15,108,40641,0
547,399,439,15,108,40642,0
547,400,439,15,108,40643,0
547,401,439,15,108,40644,0
547,402,439,15,108,40645,0
547,403,439,15,108,40646,0
547,404,439,15,108,40647,0
547,405,439,15,108,40648,0
547,406,439,15,108,40649,0
547,407,439,15,109,40649,0
547,408,439,15,109,40650,0
547,409,439,15,110,40650,0
547,410,439,15,110,40651,0
547,411,439,15,110,40652,0
547,412,439,15,110,40653,0
547,413,439,15,110,40654,0
547,414,439,15,110,40655,0
547,415,439,15,110,40656,0
547,416,439,15,110,40657,0
547,417,439,15,110,40658,0
547,418,439,15,110,40659,0
547,419,439,15,110,40660,0
547,420,439,15,110,40661,0
547,421,439,15,110,40662,0
547,422,439,15,110,40663,0
547,423,439,15,110,40664,0
547,424,439,15,110,40665,0
547,425,439,15,110,40666,0
547,426,439,15,111,40666,0
547,427,439,15,111,40667,0
547,428,439,15,111,40668,0
547,429,439,15,111,40669,0
547,430,439,15,111,40670,0
547,431,439,15,112,40670,0
547,432,439,15,112,40671,0
547,434,547,16,112,40672,0
547,435,547,16,112,40673,0
547,436,547,16,112,40674,0
547,438,547,17,112,40675,0
547,439,547,17,112,40676,0
547,441,547,18,112,40677,0
547,442,547,18,112,40678,0
547,443,547,18,112,40679,0
547,445,547,19,112,40680,0
547,446,547,19,112,40681,0
547,447,547,19,112,40682,0
547,448,547,19,112,40683,0
547,449,547,19,113,40683,0
547,450,547,19,113,40684,0
547,451,547,19,113,40685,0
547,452,547,19,113,40686,0
547,453,547,19,113,40687,0
547,454,547,19,113,40688,0
547,455,547,19,113,40689,0
547,456,547,19,113,40690,0
547,457,547,19,113,40691,0
547,458,547,19,113,40692,0
547,460,547,20,113,40693,0
547,461,547,20,113,40694,0
547,462,547,20,113,40695,0
547,463,547,20,113,40696,0
547,464,547,20,113,40697,0
547,466,547,21,113,40698,0
547,467,547,21,113,40699,0
547,469,547,22,113,40700,0
547,470,547,22,113,40701,0
547,471,547,22,113,40702,0
547,472,547,22,113,40703,0
547,473,547,22,113,40704,0
547,474,547,22,114,40704,0
547,475,547,22,114,40705,0
547,476,547,22,114,40706,0
547,477,547,22,114,40707,0
547,478,547,22,114,40708,0
547,479,547,22,115,40708,0
547,480,547,22,115,40709,0
547,481,547,22,116,40709,0
547,482,547,22,116,40710,0
547,483,547,22,116,40711,0
547,484,547,22,116,40712,0
547,485,547,22,116,40713,0
547,486,547,22,116,40714,0
547,487,547,22,116,40715,0
547,488,547,22,117,40715,0
547,489,547,22,117,40716,0
567,493,547,25,117,40717,0
567,494,547,25,117,40718,0
567,495,547,25,117,40719,0
567,496,547,25,117,40720,0
567,497,547,25,117,40721,0
647,498,547,25,117,40722,0
647,499,547,25,117,40723,0
647,500,547,25,117,40724,0
647,501,547,25,117,40725,0
647,502,547,25,117,40726,0
647,503,547,25,117,40727,0
667,504,547,25,117,40728,0
667,505,547,25,117,40729,0
667,506,547,25,117,40730,0
667,507,547,25,117,40731,0
667,508,547,25,117,40732,0
667,509,547,25,117,40733,0
667,510,547,25,117,40734,0
667,511,547,25,117,40735,0
667,513,667,26,117,40736,0
667,514,667,26,117,40737,0
667,515,667,26,117,40738,0
667,516,667,26,117,40739,0
667,517,667,26,117,40740,0
667,518,667,26,117,40741,0
667,519,667,26,117,40742,0
667,520,667,26,117,40743,0
667,521,667,26,117,40744,0
667,522,667,26,117,40745,0
667,523,667,26,118,40745,0
667,524,667,26,118,40746,0
667,525,667,26,118,40747,0
667,526,667,26,118,40748,0
667,527,667,26,118,40749,0
667,528,667,26,118,40750,0
667,529,667,26,118,40751,0
667,530,667,26,119,40751,0
667,531,667,26,119,40752,0
667,532,667,26,119,40753,0
667,533,667,26,119,40754,0
667,534,667,26,119,40755,0
667,535,667,26,119,40756,0
667,536,667,26,119,40757,0
667,537,667,26,119,40758,0
667,538,667,26,119,40759,0
667,539,667,26,119,40760,0
667,540,667,26,119,40761,0
667,541,667,26,119,40762,0
667,542,667,26,119,40763,0
667,543,667,26,119,40764,0
667,544,667,26,119,40765,0
667,546,667,27,119,40766,0
667,547,667,27,119,40767,0
667,548,667,27,119,40768,0
667,549,667,27,119,40769,0
667,550,667,27,119,40770,0
667,551,667,27,119,40771,0
667,552,667,27,120,40771,0
667,553,667,27,120,40772,0
667,554,667,27,120,40773,0
667,555,667,27,120,40774,0
667,556,667,27,120,40775,0
667,557,667,27,120,40776,0
667,558,667,27,120,40777,0
667,560,667,28,120,40778,0
667,561,667,28,120,40779,0
667,562,667,28,120,40780,0
667,563,667,28,120,40781,0
667,564,667,28,120,40782,0
667,565,667,28,120,40783,0
667,566,667,28,120,40784,0
667,567,667,28,120,40785,0
667,568,667,28,120,40786,0
667,569,667,28,120,40787,0
667,570,667,28,120,40788,0
667,571,667,28,120,40789,0
667,572,667,28,120,40790,0
667,573,667,28,120,40791,0
667,574,667,28,120,40792,0
667,575,667,28,120,40793,0
667,576,667,28,120,40794,0
667,577,667,28,120,40795,0
667,578,667,28,120,40796,0
667,579,667,28,121,40796,0
667,580,667,28,121,40797,0
667,581,667,28,121,40798,0
667,582,667,28,121,40799,0
667,583,667,28,121,40800,0
667,584,667,28,121,40801,0
667,585,667,28,121,40802,0
667,586,667,28,121,40803,0
667,587,667,28,121,40804,0
687,589,667,29,121,40805,0
687,590,667,29,121,40806,0
687,591,667,29,121,40807,0
687,592,667,29,121,40808,0
687,593,667,29,121,40809,0
767,594,667,29,121,40810,0
767,595,667,29,121,40811,0
767,596,667,29,121,40812,0
767,597,667,29,121,40813,0
768,598,667,29,121,40814,0
768,599,667,29,121,40815,0
768,600,667,29,121,40816,0
769,601,667,29,121,40817,0
769,602,667,29,121,40818,0
769,603,667,29,121,40819,0
769,604,667,29,121,40820,0
769,605,667,29,121,40821,0
769,606,667,29,121,40822,0
769,607,667,29,121,40823,0
769,608,667,29,121,40824,0
769,609,667,29,121,40825,0
769,610,667,29,121,40826,0
769,611,667,29,121,40827,0
769,612,667,29,121,40828,0
769,613,667,29,121,40829,0
769,614,667,29,121,40830,0
769,615,667,29,121,40831,0
769,616,667,29,121,40832,0
769,617,667,29,121,40833,0
769,618,667,29,121,40834,0
769,619,667,29,121,40835,0
769,620,667,29,121,40836,0
769,621,667,29,121,40837,0
769,622,667,29,121,40838,0
769,623,667,29,121,40839,0
769,624,667,29,121,40840,0
769,625,667,29,121,40841,0
769,626,667,29,121,40842,0
769,627,667,29,121,40843,0
769,628,667,29,122,40843,0
769,629,667,29,122,40844,0
769,630,667,29,122,40845,0
769,631,667,29,122,40846,0
769,632,667,29,122,40847,0
769,633,667,29,122,40848,0
769,634,667,29,122,40849,0
769,635,667,29,122,40850,0
769,636,667,29,122,40851,0
769,637,667,29,122,40852,0
769,638,667,29,122,40853,0
770,640,770,30,122,40854,0
770,641,770,30,122,40855,0
770,642,770,30,122,40856,0
770,643,770,30,122,40857,0
770,644,770,30,122,40858,0
770,645,770,30,122,40859,0
770,646,770,30,122,40860,0
770,647,770,30,122,40861,0
770,648,770,30,122,40862,0
770,649,770,30,122,40863,0
770,650,770,30,122,40864,0
770,651,770,30,122,40865,0
770,652,770,30,122,40866,0
770,654,770,31,122,40867,0
770,655,770,31,122,40868,0
770,656,770,31,122,40869,0
770,657,770,31,122,40870,0
770,658,770,31,122,40871,0
770,659,770,31,122,40872,0
770,660,770,31,122,40873,0
770,661,770,31,122,40874,0
770,662,770,31,122,40875,0
770,663,770,31,122,40876,0
770,664,770,31,122,40877,0
770,665,770,31,122,40878,0
770,666,770,31,122,40879,0
770,667,770,31,122,40880,0
770,668,770,31,122,40881,0
770,669,770,31,122,40882,0
770,670,770,31,122,40883,0
770,671,770,31,122,40884,0
770,672,770,31,122,40885,0
770,673,770,31,122,40886,0
770,674,770,31,122,40887,0
770,675,770,31,122,40888,0
770,676,770,31,122,40889,0
770,677,770,31,122,40890,0
770,678,770,31,122,40891,0
770,679,770,31,122,40892,0
770,680,770,31,122,40893,0
770,681,770,31,122,40894,0
787,682,770,31,122,40895,0
787,683,770,31,122,40896,0
787,684,770,31,122,40897,0
787,685,770,31,122,40898,0
787,686,770,31,122,40899,0
888,687,770,31,122,40900,0
888,688,770,31,122,40901,0
888,689,770,31,122,40902,0
888,691,888,32,122,40903,0
888,692,888,32,123,40903,0
888,693,888,32,123,40904,0
888,694,888,32,123,40905,0
888,695,888,32,124,40905,0
888,696,888,32,125,40905,0
888,697,888,32,125,40906,0
888,698,888,32,125,40907,0
888,699,888,32,125,40908,0
888,701,888,33,125,40909,0
888,702,888,33,126,40909,0
888,703,888,33,126,40910,0
888,704,888,33,126,40911,0
888,705,888,33,126,40912,0
888,706,888,33,127,40912,0
888,708,888,34,127,40913,0
888,709,888,34,127,40914,0
888,710,888,34,127,40915,0
888,712,888,35,127,40916,0
888,713,888,35,127,40917,0
888,714,888,35,127,40918,0
888,715,888,35,127,40919,0
888,716,888,35,127,40920,0
888,717,888,35,127,40921,0
888,718,888,35,127,40922,0
888,719,888,35,127,40923,0
888,720,888,35,128,40923,0
888,722,888,36,128,40924,0
888,724,888,37,129,40924,0
888,725,888,37,129,40925,0
888,726,888,37,129,40926,0
888,728,888,38,129,40927,0
888,729,888,38,129,40928,0
888,730,888,38,129,40929,0
888,732,888,39,130,40929,0
888,733,888,39,130,40930,0
888,734,888,39,130,40931,0
888,735,888,39,130,40932,0
888,736,888,39,130,40933,0
888,737,888,39,130,40934,0
888,738,888,39,131,40934,0
888,740,888,40,131,40935,0
888,741,888,40,131,40936,0
888,742,888,40,131,40937,0
888,743,888,40,131,40938,0
888,744,888,40,131,40939,0
888,745,888,40,131,40940,0
888,746,888,40,131,40941,0
888,748,888,41,131,40942,0
888,749,888,41,131,40943,0
888,750,888,41,131,40944,0
888,751,888,41,131,40945,0
888,752,888,41,131,40946,0
888,754,888,42,131,40947,0
888,755,888,42,131,40948,0
888,756,888,42,131,40949,0
888,758,888,43,131,40950,0
888,759,888,43,131,40951,0
888,760,888,43,132,40951,0
888,761,888,43,132,40952,0
888,762,888,43,132,40953,0
888,763,888,43,132,40954,0
888,764,888,43,133,40954,0
888,765,888,43,133,40955,0
888,766,888,43,133,40956,0
888,767,888,43,134,40956,0
888,769,888,44,134,40957,0
888,770,888,44,134,40958,0
888,771,888,44,135,40958,0
888,772,888,44,135,40959,0
888,773,888,44,135,40960,0
888,774,888,44,135,40961,0
888,775,888,44,135,40962,0
888,776,888,44,135,40963,0
888,777,888,44,135,40964,0
888,778,888,44,135,40965,0
888,779,888,44,135,40966,0
888,780,888,44,135,40967,0
888,781,888,44,135,40968,0
888,783,888,45,135,40969,0
888,784,888,45,135,40970,0
888,785,888,45,135,40971,0
888,786,888,45,135,40972,0
888,788,888,46,135,40973,0
888,789,888,46,135,40974,0
888,790,888,46,135,40975,0
888,791,888,46,135,40976,0
907,792,888,46,135,40977,0
907,793,888,46,135,40978,0
907,794,888,46,135,40979,0
907,795,888,46,135,40980,0
907,796,888,46,135,40981,0
1007,797,888,46,135,40982,0
1007,798,888,46,135,40983,0
1007,799,888,46,135,40984,0
1007,800,888,46,135,40985,0
1007,801,888,46,135,40986,0
1007,802,888,46,135,40987,0
1007,803,888,46,135,40988,0
1007,804,888,46,135,40989,0
1007,805,888,46,135,40990,0
1007,806,888,46,135,40991,0
1007,807,888,46,135,40992,0
1007,808,888,46,135,40993,0
1007,809,888,46,135,40994,0
1007,810,888,46,135,40995,0
1007,811,888,46,135,40996,0
1007,812,888,46,135,40997,0
1007,813,888,46,135,40998,0
1007,814,888,46,135,40999,0
1007,815,888,46,135,41000,0
1007,816,888,46,135,41001,0
1007,817,888,46,135,41002,0
1007,818,888,46,135,41003,0
1007,819,888,46,135,41004,0
1007,820,888,46,135,41005,0
1007,821,888,46,135,41006,0
1007,822,888,46,135,41007,0
1007,823,888,46,135,41008,0
1007,824,888,46,135,41009,0
1007,825,888,46,135,41010,0
1007,826,888,46,135,41011,0
1007,827,888,46,135,41012,0
1007,828,888,46,135,41013,0
1007,829,888,46,135,41014,0
1007,830,888,46,135,41015,0
1007,831,888,46,135,41016,0
1007,832,888,46,135,41017,0
1007,833,888,46,135,41018,0
1007,834,888,46,135,41019,0
1007,835,888,46,135,41020,0
1007,836,888,46,135,41021,0
1007,837,888,46,135,41022,0
1007,838,888,46,135,41023,0
1007,839,888,46,135,41024,0
1007,840,888,46,135,41025,0
1007,841,888,46,135,41026,0
1007,842,888,46,135,41027,0
1007,843,888,46,135,41028,0
1007,844,888,46,135,41029,0
1007,845,888,46,135,41030,0
1007,846,888,46,135,41031,0
1007,847,888,46,135,41032,0
1007,848,888,46,135,41033,0
1007,849,888,46,135,41034,0
1007,850,888,46,135,41035,0
1007,851,888,46,135,41036,0
1007,852,888,46,135,41037,0
1007,853,888,46,135,41038,0
1007,854,888,46,135,41039,0
1007,855,888,46,135,41040,0
1007,856,888,46,135,41041,0
1007,857,888,46,135,41042,0
1007,858,888,46,135,41043,0
1007,859,888,46,135,41044,0
1007,860,888,46,135,41045,0
1007,861,888,46,135,41046,0
1007,862,888,46,135,41047,0
1007,863,888,46,135,41048,0
1007,864,888,46,135,41049,0
1007,865,888,46,135,41050,0
1007,866,888,46,135,41051,0
1007,867,888,46,135,41052,0
1007,868,888,46,135,41053,0
1007,869,888,46,135,41054,0
1007,870,888,46,135,41055,0
1007,871,888,46,135,41056,0
1007,872,888,46,135,41057,0
1007,873,888,46,135,41058,0
1007,874,888,46,135,41059,0
1007,875,888,46,135,41060,0
1007,876,888,46,135,41061,0
1007,877,888,46,135,41062,0
1007,878,888,46,135,41063,0
1007,879,888,46,135,41064,0
1007,880,888,46,135,41065,0
1007,881,888,46,135,41066,0
1007,882,888,46,135,41067,0
1007,883,888,46,135,41068,0
1007,884,888,46,135,41069,0
1007,885,888,46,135,41070,0
1007,886,888,46,135,41071,0
1007,888,1007,47,135,41072,0
1027,889,1007,47,135,41073,0
1027,890,1007,47,135,41074,0
1027,891,1007,47,135,41075,0
1027,892,1007,47,135,41076,0
1027,893,1007,47,135,41077,0
1107,894,1007,47,135,41078,0
1107,895,1007,47,135,41079,0
1107,896,1007,47,135,41080,0
1128,897,1007,47,135,41081,0
1128,898,1007,47,135,41082,0
1128,899,1007,47,135,41083,0
1128,900,1007,47,135,41084,0
1128,901,1007,47,135,41085,0
1128,902,1007,47,135,41086,0
1128,903,1007,47,135,41087,0
1128,904,1007,47,135,41088,0
1128,905,1007,47,135,41089,0
1128,906,1007,47,135,41090,0
1128,907,1007,47,135,41091,0
1128,908,1007,47,135,41092,0
1128,909,1007,47,135,41093,0
1128,910,1007,47,135,41094,0
1128,911,1007,47,135,41095,0
1128,912,1007,47,135,41096,0
1128,913,1007,47,135,41097,0
1128,916,1128,49,135,41098,0
1128,917,1128,49,135,41099,0
1128,918,1128,49,135,41100,0
1128,919,1128,49,135,41101,0
1128,920,1128,49,135,41102,0
1128,921,1128,49,135,41103,0
1128,922,1128,49,135,41104,0
1128,923,1128,49,136,41104,0
1128,924,1128,49,136,41105,0
1128,925,1128,49,136,41106,0
1128,926,1128,49,136,41107,0
1128,927,1128,49,136,41108,0
1128,928,1128,49,136,41109,0
1128,929,1128,49,136,41110,0
1128,930,1128,49,136,41111,0
1128,931,1128,49,136,41112,0
1128,932,1128,49,136,41113,0
1128,933,1128,49,136,41114,0
1128,934,1128,49,136,41115,0
1128,935,1128,49,137,41115,0
1128,937,1128,50,137,41116,0
1128,938,1128,50,137,41117,0
1128,939,1128,50,137,41118,0
1128,940,1128,50,137,41119,0
1128,942,1128,51,137,41120,0
1128,943,1128,51,137,41121,0
1128,944,1128,51,137,41122,0
1128,945,1128,51,137,41123,0
1128,946,1128,51,137,41124,0
1128,947,1128,51,137,41125,0
1128,948,1128,51,137,41126,0
1128,949,1128,51,137,41127,0
1128,950,1128,51,137,41128,0
1128,951,1128,51,137,41129,0
1128,952,1128,51,137,41130,0
1128,953,1128,51,137,41131,0
1128,954,1128,51,137,41132,0
1128,955,1128,51,138,41132,0
1128,956,1128,51,138,41133,0
1128,957,1128,51,138,41134,0
1128,958,1128,51,138,41135,0
1128,959,1128,51,138,41136,0
1128,960,1128,51,138,41137,0
1128,961,1128,51,138,41138,0
1128,962,1128,51,138,41139,0
1128,963,1128,51,138,41140,0
1128,965,1128,52,138,41141,0
1128,966,1128,52,138,41142,0
1128,967,1128,52,138,41143,0
1128,968,1128,52,138,41144,0
1128,969,1128,52,138,41145,0
1128,970,1128,52,138,41146,0
1128,971,1128,52,138,41147,0
1128,972,1128,52,138,41148,0
1128,973,1128,52,138,41149,0
1128,974,1128,52,138,41150,0
1128,975,1128,52,138,41151,0
1128,976,1128,52,138,41152,0
1128,977,1128,52,138,41153,0
1128,978,1128,52,138,41154,0
1128,979,1128,52,138,41155,0
1128,980,1128,52,139,41155,0
1128,981,1128,52,139,41156,0
1128,983,1128,53,139,41157,0
1128,984,1128,53,139,41158,0
1128,985,1128,53,139,41159,0
1128,986,1128,53,139,41160,0
1128,987,1128,53,140,41160,0
1128,988,1128,53,140,41161,0
1128,990,1128,54,140,41162,0
1128,991,1128,54,140,41163,0
1128,992,1128,54,140,41164,0
1128,993,1128,54,140,41165,0
1128,994,1128,54,141,41165,0
1128,995,1128,54,142,41165,0
1128,996,1128,54,142,41166,0
1207,999,1128,56,142,41167,0
1207,1000,1128,56,142,41168,0
1207,1001,1128,56,142,41169,0
1247,1002,1128,56,142,41170,0
1247,1003,1128,56,142,41171,0
1247,1004,1128,56,143,41171,0
1247,1005,1128,56,143,41172,0
1247,1006,1128,56,144,41172,0
1247,1008,1247,57,144,41173,0
1247,1009,1247,57,144,41174,0
1247,1011,1247,58,144,41175,0
1247,1012,1247,58,144,41176,0
1247,1013,1247,58,144,41177,0
1247,1015,1247,59,144,41178,0
1247,1016,1247,59,145,41178,0
1247,1017,1247,59,145,41179,0
1247,1018,1247,59,145,41180,0
1247,1019,1247,59,145,41181,0
1247,1020,1247,59,146,41181,0
1247,1021,1247,59,147,41181,0
1247,1022,1247,59,147,41182,0
1247,1023,1247,59,147,41183,0
1247,1025,1247,60,147,41184,0
1247,1026,1247,60,147,41185,0
1247,1027,1247,60,147,41186,0
1247,1028,1247,60,147,41187,0
1247,1029,1247,60,148,41187,0
1247,1030,1247,60,148,41188,0
1247,1031,1247,60,148,41189,0
1247,1032,1247,60,149,41189,0
1247,1033,1247,60,149,41190,0
1247,1034,1247,60,149,41191,0
1247,1035,1247,60,149,41192,0
1247,1038,1247,62,149,41193,0
1247,1041,1247,64,149,41194,0
1247,1042,1247,64,149,41195,0
1247,1043,1247,64,149,41196,0
1247,1044,1247,64,150,41196,0
1247,1045,1247,64,151,41196,0
1247,1046,1247,64,151,41197,0
1247,1047,1247,64,151,41198,0
1247,1048,1247,64,151,41199,0
1247,1049,1247,64,151,41200,0
1247,1050,1247,64,151,41201,0
1247,1051,1247,64,151,41202,0
1247,1052,1247,64,151,41203,0
1247,1053,1247,64,151,41204,0
1247,1055,1247,65,151,41205,0
1247,1056,1247,65,151,41206,0
1247,1057,1247,65,152,41206,0
1247,1058,1247,65,152,41207,0
1247,1059,1247,65,152,41208,0
1247,1060,1247,65,152,41209,0
1247,1061,1247,65,152,41210,0
1247,1062,1247,65,153,41210,0
1247,1063,1247,65,153,41211,0
1247,1064,1247,65,153,41212,0
1247,1065,1247,65,154,41212,0
1247,1066,1247,65,154,41213,0
1247,1067,1247,65,154,41214,0
1247,1069,1247,66,154,41215,0
1247,1070,1247,66,154,41216,0
1247,1073,1247,68,155,41216,0
1247,1074,1247,68,155,41217,0
1247,1075,1247,68,155,41218,0
1247,1076,1247,68,155,41219,0
1247,1077,1247,68,156,41219,0
1247,1078,1247,68,156,41220,0
1247,1079,1247,68,156,41221,0
1247,1080,1247,68,156,41222,0
1247,1081,1247,68,156,41223,0
1247,1082,1247,68,156,41224,0
1247,1083,1247,68,157,41224,0
1247,1084,1247,68,157,41225,0
1247,1086,1247,69,158,41225,0
1247,1087,1247,69,158,41226,0
1247,1088,1247,69,158,41227,0
1247,1089,1247,69,158,41228,0
1247,1090,1247,69,159,41228,0
1247,1091,1247,69,159,41229,0
1247,1092,1247,69,159,41230,0
1247,1093,1247,69,159,41231,0
1247,1094,1247,69,159,41232,0
1247,1095,1247,69,159,41233,0
1247,1096,1247,69,159,41234,0
1247,1097,1247,69,160,41234,0
1247,1098,1247,69,160,41235,0
1247,1099,1247,69,160,41236,0
1247,1100,1247,69,160,41237,0
1247,1101,1247,69,160,41238,0
1247,1102,1247,69,160,41239,0
1247,1104,1247,70,160,41240,0
1247,1105,1247,70,160,41241,0
1247,1108,1247,72,160,41242,0
1247,1109,1247,72,160,41243,0
1247,1111,1247,73,160,41244,0
1247,1113,1247,74,160,41245,0
1327,1115,1247,75,160,41246,0
1327,1116,1247,75,160,41247,0
1327,1117,1247,75,160,41248,0
1367,1118,1247,75,160,41249,0
1367,1119,1247,75,160,41250,0
1367,1120,1247,75,160,41251,0
1367,1121,1247,75,160,41252,0
1367,1122,1247,75,160,41253,0
1367,1123,1247,75,160,41254,0
1367,1124,1247,75,160,41255,0
1367,1125,1247,75,160,41256,0
1367,1126,1247,75,160,41257,0
1367,1127,1247,75,160,41258,0
1367,1128,1247,75,160,41259,0
1367,1129,1247,75,160,41260,0
1367,1130,1247,75,160,41261,0
1367,1131,1247,75,160,41262,0
1367,1132,1247,75,160,41263,0
1367,1133,1247,75,160,41264,0
1367,1134,1247,75,160,41265,0
1367,1135,1247,75,160,41266,0
1367,1136,1247,75,160,41267,0
1367,1137,1247,75,160,41268,0
1367,1138,1247,75,160,41269,0
1367,1139,1247,75,160,41270,0
1367,1140,1247,75,160,41271,0
1367,1141,1247,75,160,41272,0
1367,1142,1247,75,160,41273,0
1367,1143,1247,75,160,41274,0
1367,1144,1247,75,160,41275,0
1367,1145,1247,75,160,41276,0
1367,1146,1247,75,160,41277,0
1367,1147,1247,75,160,41278,0
1367,1148,1247,75,160,41279,0
1367,1149,1247,75,160,41280,0
1367,1150,1247,75,160,41281,0
1367,1151,1247,75,160,41282,0
1367,1152,1247,75,160,41283,0
1367,1153,1247,75,160,41284,0
1367,1154,1247,75,160,41285,0
1367,1155,1247,75,160,41286,0
1367,1156,1247,75,160,41287,0
1367,1157,1247,75,160,41288,0
1367,1158,1247,75,160,41289,0
1367,1159,1247,75,160,41290,0
1367,1160,1247,75,160,41291,0
1367,1161,1247,75,160,41292,0
1367,1162,1247,75,160,41293,0
1367,1163,1247,75,160,41294,0
1367,1164,1247,75,160,41295,0
1367,1165,1247,75,160,41296,0
1367,1166,1247,75,160,41297,0
1367,1167,1247,75,160,41298,0
1367,1168,1247,75,160,41299,0
1367,1169,1247,75,160,41300,0
1367,1170,1247,75,160,41301,0
1367,1171,1247,75,160,41302,0
1367,1172,1247,75,160,41303,0
1367,1173,1247,75,160,41304,0
1367,1174,1247,75,160,41305,0
1367,1175,1247,75,160,41306,0
1367,1176,1247,75,160,41307,0
1367,1177,1247,75,160,41308,0
1367,1178,1247,75,160,41309,0
1367,1179,1247,75,160,41310,0
1367,1180,1247,75,160,41311,0
1367,1182,1367,76,160,41312,0
1367,1183,1367,76,161,41312,0
1367,1185,1367,77,161,41313,0
1367,1186,1367,77,161,41314,0
1367,1187,1367,77,161,41315,0
1367,1188,1367,77,161,41316,0
1367,1189,1367,77,161,41317,0
1367,1190,1367,77,161,41318,0
1367,1191,1367,77,161,41319,0
1367,1192,1367,77,161,41320,0
1367,1193,1367,77,161,41321,0
1367,1194,1367,77,161,41322,0
1367,1195,1367,77,161,41323,0
1367,1196,1367,77,161,41324,0
1367,1197,1367,77,161,41325,0
1367,1198,1367,77,161,41326,0
1367,1199,1367,77,161,41327,0
1367,1200,1367,77,161,41328,0
1367,1201,1367,77,161,41329,0
1367,1202,1367,77,161,41330,0
1367,1203,1367,77,161,41331,0
1367,1204,1367,77,161,41332,0
1367,1205,1367,77,161,41333,0
1367,1206,1367,77,161,41334,0
1367,1207,1367,77,161,41335,0
1369,1208,1367,77,161,41336,0
1369,1209,1367,77,161,41337,0
1369,1210,1367,77,161,41338,0
1369,1211,1367,77,161,41339,0
1369,1212,1367,77,161,41340,0
1369,1213,1367,77,161,41341,0
1427,1214,1367,77,161,41342,0
1427,1215,1367,77,161,41343,0
1427,1216,1367,77,161,41344,0
1467,1217,1367,77,162,41344,0
1488,1219,1467,78,162,41345,0
1488,1220,1467,78,162,41346,0
1488,1221,1467,78,162,41347,0
1488,1222,1467,78,162,41348,0
1488,1223,1467,78,163,41348,0
1488,1224,1467,78,163,41349,0
1488,1225,1467,78,163,41350,0
1488,1226,1467,78,163,41351,0
1488,1227,1467,78,163,41352,0
1488,1228,1467,78,163,41353,0
1488,1229,1467,78,163,41354,0
1488,1230,1467,78,164,41354,0
1488,1231,1467,78,164,41355,0
1488,1232,1467,78,165,41355,0
1488,1233,1467,78,165,41356,0
1488,1234,1467,78,165,41357,0
1488,1235,1467,78,165,41358,0
1488,1236,1467,78,165,41359,0
1488,1237,1467,78,165,41360,0
1488,1238,1467,78,165,41361,0
1488,1239,1467,78,165,41362,0
1488,1240,1467,78,165,41363,0
1488,1241,1467,78,165,41364,0
1488,1242,1467,78,165,41365,0
1488,1243,1467,78,165,41366,0
1488,1244,1467,78,165,41367,0
1488,1245,1467,78,165,41368,0
1488,1246,1467,78,165,41369,0
1488,1247,1467,78,165,41370,0
1488,1248,1467,78,165,41371,0
1488,1249,1467,78,165,41372,0
1488,1250,1467,78,165,41373,0
1488,1251,1467,78,165,41374,0
1488,1252,1467,78,165,41375,0
1488,1253,1467,78,165,41376,0
1488,1254,1467,78,165,41377,0
1488,1255,1467,78,165,41378,0
1488,1256,1467,78,165,41379,0
1488,1257,1467,78,165,41380,0
1488,1258,1467,78,165,41381,0
1488,1259,1467,78,165,41382,0
1488,1260,1467,78,165,41383,0
1488,1262,1488,79,165,41384,0
1488,1263,1488,79,165,41385,0
1488,1264,1488,79,165,41386,0
1488,1265,1488,79,165,41387,0
1488,1266,1488,79,165,41388,0
1488,1267,1488,79,165,41389,0
1488,1268,1488,79,165,41390,0
1488,1269,1488,79,165,41391,0
1488,1270,1488,79,165,41392,0
1488,1271,1488,79,165,41393,0
1488,1272,1488,79,165,41394,0
1488,1273,1488,79,165,41395,0
1488,1274,1488,79,165,41396,0
1488,1275,1488,79,165,41397,0
1488,1276,1488,79,166,41397,0
1488,1277,1488,79,166,41398,0
1488,1279,1488,80,166,41399,0
1488,1280,1488,80,166,41400,0
1488,1281,1488,80,166,41401,0
1488,1282,1488,80,166,41402,0
1488,1283,1488,80,166,41403,0
1488,1284,1488,80,166,41404,0
1488,1285,1488,80,166,41405,0
1488,1286,1488,80,167,41405,0
1488,1287,1488,80,167,41406,0
1488,1288,1488,80,167,41407,0
1488,1289,1488,80,167,41408,0
1488,1290,1488,80,167,41409,0
1488,1291,1488,80,167,41410,0
1488,1292,1488,80,167,41411,0
1488,1293,1488,80,167,41412,0
1488,1294,1488,80,167,41413,0
1488,1295,1488,80,167,41414,0
1488,1296,1488,80,167,41415,0
1488,1297,1488,80,167,41416,0
1488,1298,1488,80,167,41417,0
1488,1299,1488,80,167,41418,0
1488,1301,1488,81,167,41419,0
1488,1302,1488,81,168,41419,0
1488,1303,1488,81,168,41420,0
1488,1304,1488,81,168,41421,0
1488,1305,1488,81,168,41422,0
1488,1306,1488,81,169,41422,0
1488,1307,1488,81,169,41423,0
1488,1308,1488,81,169,41424,0
1488,1309,1488,81,170,41424,0
1488,1310,1488,81,170,41425,0
1488,1311,1488,81,170,41426,0
1488,1312,1488,81,170,41427,0
1488,1314,1488,82,171,41427,0
1547,1320,1488,87,171,41428,0
1547,1321,1488,87,171,41429,0
1547,1322,1488,87,171,41430,0
1568,1323,1488,87,171,41431,0
1607,1324,1488,87,171,41432,0
1607,1325,1488,87,171,41433,0
1607,1326,1488,87,171,41434,0
1607,1327,1488,87,171,41435,0
1607,1328,1488,87,171,41436,0
1607,1329,1488,87,171,41437,0
1607,1330,1488,87,171,41438,0
1607,1331,1488,87,171,41439,0
1607,1332,1488,87,171,41440,0
1607,1333,1488,87,171,41441,0
1607,1334,1488,87,171,41442,0
1607,1335,1488,87,171,41443,0
1607,1336,1488,87,172,41443,0
1607,1337,1488,87,173,41443,0
1607,1338,1488,87,173,41444,0
1607,1339,1488,87,173,41445,0
1607,1340,1488,87,174,41445,0
1607,1341,1488,87,174,41446,0
1607,1342,1488,87,174,41447,0
1607,1343,1488,87,174,41448,0
1607,1344,1488,87,174,41449,0
1607,1345,1488,87,174,41450,0
1607,1346,1488,87,174,41451,0
1607,1347,1488,87,174,41452,0
1607,1348,1488,87,174,41453,0
1607,1349,1488,87,174,41454,0
1607,1350,1488,87,174,41455,0
1607,1351,1488,87,174,41456,0
1607,1352,1488,87,174,41457,0
1607,1353,1488,87,174,41458,0
1607,1354,1488,87,174,41459,0
1607,1356,1607,88,174,41460,0
1607,1357,1607,88,174,41461,0
1607,1358,1607,88,174,41462,0
1607,1359,1607,88,174,41463,0
1607,1361,1607,89,174,41464,0
1607,1362,1607,89,174,41465,0
1607,1363,1607,89,174,41466,0
1607,1365,1607,90,174,41467,0
1607,1366,1607,90,174,41468,0
1607,1367,1607,90,174,41469,0
1607,1368,1607,90,174,41470,0
1607,1369,1607,90,174,41471,0
1607,1370,1607,90,174,41472,0
1607,1371,1607,90,174,41473,0
1607,1372,1607,90,174,41474,0
1607,1373,1607,90,174,41475,0
1607,1374,1607,90,174,41476,0
1607,1375,1607,90,174,41477,0
1607,1376,1607,90,174,41478,0
1607,1377,1607,90,174,41479,0
1607,1378,1607,90,174,41480,0
1607,1379,1607,90,174,41481,0
1607,1380,1607,90,174,41482,0
1607,1381,1607,90,174,41483,0
1607,1382,1607,90,174,41484,0
1607,1383,1607,90,174,41485,0
1607,1384,1607,90,174,41486,0
1607,1385,1607,90,174,41487,0
1607,1386,1607,90,174,41488,0
1607,1387,1607,90,174,41489,0
1607,1388,1607,90,174,41490,0
1607,1389,1607,90,174,41491,0
1607,1390,1607,90,174,41492,0
1607,1391,1607,90,174,41493,0
1607,1392,1607,90,174,41494,0
1607,1393,1607,90,174,41495,0
1607,1394,1607,90,174,41496,0
1607,1395,1607,90,174,41497,0
1607,1396,1607,90,174,41498,0
1607,1397,1607,90,174,41499,0
1607,1398,1607,90,174,41500,0
1607,1399,1607,90,174,41501,0
1607,1400,1607,90,174,41502,0
1607,1401,1607,90,174,41503,0
1607,1402,1607,90,174,41504,0
1607,1403,1607,90,174,41505,0
1607,1404,1607,90,174,41506,0
1607,1405,1607,90,174,41507,0
1607,1406,1607,90,174,41508,0
1607,1407,1607,90,174,41509,0
1607,1408,1607,90,174,41510,0
1607,1409,1607,90,174,41511,0
1607,1410,1607,90,174,41512,0
1607,1411,1607,90,174,41513,0
1607,1412,1607,90,174,41514,0
1607,1413,1607,90,174,41515,0
1607,1414,1607,90,174,41516,0
1607,1415,1607,90,174,41517,0
1607,1416,1607,90,174,41518,0
1607,1417,1607,90,174,41519,0
1607,1418,1607,90,174,41520,0
1607,1419,1607,90,175,41520,0
1667,1421,1607,91,175,41521,0
1667,1422,1607,91,175,41522,0
1667,1423,1607,91,175,41523,0
1687,1424,1607,91,175,41524,0
1707,1425,1607,91,175,41525,0
1707,1426,1607,91,175,41526,0
1707,1427,1607,91,175,41527,0
1707,1428,1607,91,175,41528,0
1707,1429,1607,91,175,41529,0
1708,1430,1607,91,175,41530,0
1708,1431,1607,91,175,41531,0
1708,1432,1607,91,175,41532,0
1708,1433,1607,91,175,41533,0
1708,1434,1607,91,175,41534,0
1708,1435,1607,91,175,41535,0
1708,1436,1607,91,175,41536,0
1708,1437,1607,91,175,41537,0
1708,1438,1607,91,175,41538,0
1709,1439,1607,91,175,41539,0
1709,1440,1607,91,175,41540,0
1709,1441,1607,91,175,41541,0
1709,1442,1607,91,175,41542,0
1709,1443,1607,91,175,41543,0
1709,1444,1607,91,175,41544,0
1709,1445,1607,91,175,41545,0
1709,1446,1607,91,175,41546,0
1709,1447,1607,91,175,41547,0
1709,1448,1607,91,175,41548,0
1709,1449,1607,91,175,41549,0
1709,1450,1607,91,175,41550,0
1709,1451,1607,91,175,41551,0
1709,1452,1607,91,175,41552,0
1709,1453,1607,91,175,41553,0
1709,1454,1607,91,175,41554,0
1709,1455,1607,91,175,41555,0
1709,1456,1607,91,175,41556,0
1709,1457,1607,91,175,41557,0
1709,1458,1607,91,175,41558,0
1709,1459,1607,91,175,41559,0
1709,1460,1607,91,175,41560,0
1709,1461,1607,91,175,41561,0
1709,1462,1607,91,175,41562,0
1709,1463,1607,91,175,41563,0
1709,1464,1607,91,175,41564,0
1709,1465,1607,91,175,41565,0
1709,1466,1607,91,175,41566,0
1709,1467,1607,91,175,41567,0
1709,1468,1607,91,175,41568,0
1709,1469,1607,91,175,41569,0
1709,1470,1607,91,175,41570,0
1709,1471,1607,91,175,41571,0
1709,1472,1607,91,175,41572,0
1709,1473,1607,91,175,41573,0
1709,1474,1607,91,175,41574,0
1709,1475,1607,91,175,41575,0
1709,1476,1607,91,175,41576,0
1709,1477,1607,91,175,41577,0
1709,1478,1607,91,175,41578,0
1709,1479,1607,91,175,41579,0
1709,1480,1607,91,175,41580,0
1709,1481,1607,91,175,41581,0
1709,1482,1607,91,175,41582,0
1709,1483,1607,91,175,41583,0
1709,1484,1607,91,175,41584,0
1709,1485,1607,91,175,41585,0
1709,1486,1607,91,175,41586,0
1709,1487,1607,91,175,41587,0
1709,1488,1607,91,175,41588,0
1709,1489,1607,91,175,41589,0
1709,1490,1607,91,175,41590,0
1709,1491,1607,91,175,41591,0
1709,1492,1607,91,175,41592,0
1709,1493,1607,91,175,41593,0
1709,1494,1607,91,175,41594,0
1709,1495,1607,91,175,41595,0
1709,1496,1607,91,175,41596,0
1709,1497,1607,91,175,41597,0
1709,1498,1607,91,175,41598,0
1709,1499,1607,91,175,41599,0
1709,1500,1607,91,175,41600,0
1709,1501,1607,91,175,41601,0
1709,1502,1607,91,175,41602,0
1709,1503,1607,91,175,41603,0
1709,1504,1607,91,175,41604,0
1709,1505,1607,91,175,41605,0
1709,1506,1607,91,175,41606,0
1709,1507,1607,91,175,41607,0
1709,1508,1607,91,175,41608,0
1709,1509,1607,91,175,41609,0
1709,1510,1607,91,175,41610,0
1709,1511,1607,91,175,41611,0
1709,1512,1607,91,175,41612,0
1709,1513,1607,91,175,41613,0
1709,1514,1607,91,175,41614,0
1767,1515,1607,91,175,41615,0
1767,1516,1607,91,175,41616,0
1767,1517,1607,91,175,41617,0
1807,1518,1607,91,175,41618,0
1807,1519,1607,91,175,41619,0
1807,1520,1607,91,175,41620,0
1807,1521,1607,91,175,41621,0
1807,1522,1607,91,175,41622,0
1807,1523,1607,91,175,41623,0
1807,1524,1607,91,175,41624,0
1827,1525,1607,91,175,41625,0
1827,1526,1607,91,175,41626,0
1827,1527,1607,91,175,41627,0
1827,1528,1607,91,175,41628,0
1827,1529,1607,91,175,41629,0
1827,1530,1607,91,175,41630,0
1827,1531,1607,91,175,41631,0
1827,1532,1607,91,175,41632,0
1827,1533,1607,91,175,41633,0
1827,1534,1607,91,175,41634,0
1827,1535,1607,91,175,41635,0
1827,1536,1607,91,175,41636,0
1827,1537,1607,91,175,41637,0
1827,1538,1607,91,175,41638,0
1827,1539,1607,91,175,41639,0
1827,1540,1607,91,175,41640,0
1827,1541,1607,91,175,41641,0
1827,1542,1607,91,175,41642,0
1827,1543,1607,91,175,41643,0
1827,1544,1607,91,175,41644,0
1827,1545,1607,91,175,41645,0
1827,1546,1607,91,175,41646,0
1827,1547,1607,91,175,41647,0
1827,1548,1607,91,175,41648,0
1827,1549,1607,91,175,41649,0
1827,1550,1607,91,175,41650,0
1827,1551,1607,91,175,41651,0
1827,1552,1607,91,175,41652,0
1827,1553,1607,91,175,41653,0
1827,1554,1607,91,175,41654,0
1827,1555,1607,91,175,41655,0
1827,1556,1607,91,175,41656,0
1827,1557,1607,91,175,41657,0
1827,1558,1607,91,175,41658,0
1827,1559,1607,91,175,41659,0
1827,1560,1607,91,175,41660,0
1827,1561,1607,91,175,41661,0
1827,1562,1607,91,175,41662,0
1827,1563,1607,91,175,41663,0
1827,1564,1607,91,175,41664,0
1827,1565,1607,91,175,41665,0
1827,1566,1607,91,175,41666,0
1827,1567,1607,91,175,41667,0
1827,1568,1607,91,175,41668,0
1827,1569,1607,91,175,41669,0
1827,1570,1607,91,175,41670,0
1827,1571,1607,91,175,41671,0
1827,1572,1607,91,175,41672,0
1827,1573,1607,91,175,41673,0
1827,1574,1607,91,175,41674,0
1827,1575,1607,91,175,41675,0
1827,1576,1607,91,175,41676,0
1827,1577,1607,91,175,41677,0
1827,1578,1607,91,175,41678,0
1827,1579,1607,91,175,41679,0
1827,1580,1607,91,175,41680,0
1827,1581,1607,91,175,41681,0
1827,1582,1607,91,175,41682,0
1827,1583,1607,91,175,41683,0
1827,1584,1607,91,175,41684,0
1827,1585,1607,91,175,41685,0
1827,1586,1607,91,175,41686,0
1827,1587,1607,91,175,41687,0
1827,1588,1607,91,175,41688,0
1827,1589,1607,91,175,41689,0
1827,1590,1607,91,175,41690,0
1827,1591,1607,91,175,41691,0
1827,1592,1607,91,175,41692,0
1827,1593,1607,91,175,41693,0
1827,1594,1607,91,175,41694,0
1827,1595,1607,91,175,41695,0
1827,1596,1607,91,175,41696,0
1827,1597,1607,91,175,41697,0
1827,1598,1607,91,175,41698,0
1827,1599,1607,91,175,41699,0
1827,1600,1607,91,175,41700,0
1827,1601,1607,91,175,41701,0
1827,1602,1607,91,175,41702,0
1827,1603,1607,91,175,41703,0
1827,1604,1607,91,175,41704,0
1827,1605,1607,91,175,41705,0
1827,1606,1607,91,175,41706,0
1827,1607,1607,91,175,41707,0
1827,1608,1607,91,175,41708,0
1887,1609,1607,91,175,41709,0
1887,1610,1607,91,175,41710,0
1887,1611,1607,91,175,41711,0
1907,1612,1607,91,175,41712,0
1907,1613,1607,91,175,41713,0
1907,1614,1607,91,175,41714,0
1907,1615,1607,91,175,41715,0
1907,1616,1607,91,175,41716,0
1907,1617,1607,91,175,41717,0
1907,1618,1607,91,175,41718,0
1928,1619,1607,91,175,41719,0
1928,1620,1607,91,175,41720,0
1928,1621,1607,91,175,41721,0
1928,1622,1607,91,175,41722,0
1928,1623,1607,91,175,41723,0
1928,1624,1607,91,175,41724,0
1928,1625,1607,91,175,41725,0
1928,1626,1607,91,175,41726,0
1928,1627,1607,91,175,41727,0
1928,1628,1607,91,175,41728,0
1928,1629,1607,91,175,41729,0
1928,1630,1607,91,175,41730,0
1928,1631,1607,91,175,41731,0
1928,1632,1607,91,175,41732,0
1928,1633,1607,91,175,41733,0
1928,1634,1607,91,175,41734,0
1928,1635,1607,91,175,41735,0
1928,1636,1607,91,175,41736,0
1928,1637,1607,91,175,41737,0
1928,1638,1607,91,175,41738,0
1928,1639,1607,91,175,41739,0
1928,1640,1607,91,175,41740,0
1928,1641,1607,91,175,41741,0
1928,1642,1607,91,175,41742,0
1928,1643,1607,91,175,41743,0
1928,1644,1607,91,175,41744,0
1928,1645,1607,91,175,41745,0
1928,1646,1607,91,175,41746,0
1928,1647,1607,91,175,41747,0
1928,1648,1607,91,175,41748,0
1928,1649,1607,91,175,41749,0
1928,1650,1607,91,175,41750,0
1928,1651,1607,91,175,41751,0
1928,1652,1607,91,175,41752,0
1928,1653,1607,91,175,41753,0
1928,1654,1607,91,175,41754,0
1928,1655,1607,91,175,41755,0
1928,1656,1607,91,175,41756,0
1928,1657,1607,91,175,41757,0
1928,1658,1607,91,175,41758,0
1928,1659,1607,91,175,41759,0
1928,1660,1607,91,175,41760,0
1928,1661,1607,91,175,41761,0
1928,1662,1607,91,175,41762,0
1928,1663,1607,91,175,41763,0
1928,1664,1607,91,175,41764,0
1928,1665,1607,91,175,41765,0
1928,1666,1607,91,175,41766,0
1928,1667,1607,91,175,41767,0
1928,1668,1607,91,175,41768,0
1928,1669,1607,91,175,41769,0
1928,1670,1607,91,175,41770,0
1928,1671,1607,91,175,41771,0
1928,1672,1607,91,175,41772,0
1928,1673,1607,91,175,41773,0
1928,1674,1607,91,175,41774,0
1928,1675,1607,91,175,41775,0
1928,1676,1607,91,175,41776,0
1928,1677,1607,91,175,41777,0
1928,1678,1607,91,175,41778,0
1928,1679,1607,91,175,41779,0
1928,1680,1607,91,175,41780,0
1928,1681,1607,91,175,41781,0
1928,1682,1607,91,175,41782,0
1928,1683,1607,91,175,41783,0
1928,1684,1607,91,175,41784,0
1928,1685,1607,91,175,41785,0
1928,1686,1607,91,175,41786,0
1928,1687,1607,91,175,41787,0
1928,1688,1607,91,175,41788,0
1928,1689,1607,91,175,41789,0
1928,1690,1607,91,175,41790,0
1928,1691,1607,91,175,41791,0
1928,1692,1607,91,175,41792,0
1928,1693,1607,91,175,41793,0
1928,1694,1607,91,175,41794,0
1928,1695,1607,91,175,41795,0
1928,1696,1607,91,175,41796,0
1928,1697,1607,91,175,41797,0
1928,1698,1607,91,175,41798,0
1928,1699,1607,91,175,41799,0
1928,1700,1607,91,175,41800,0
1928,1701,1607,91,175,41801,0
1928,1702,1607,91,175,41802,0
1928,1703,1607,91,175,41803,0
2007,1704,1607,91,175,41804,0
2007,1705,1607,91,175,41805,0
2007,1706,1607,91,175,41806,0
2027,1707,1607,91,175,41807,0
2027,1708,1607,91,175,41808,0
2027,1709,1607,91,175,41809,0
2027,1710,1607,91,175,41810,0
2027,1711,1607,91,175,41811,0
2027,1712,1607,91,175,41812,0
2027,1713,1607,91,175,41813,0
2047,1714,1607,91,175,41814,0
2047,1715,1607,91,175,41815,0
2047,1716,1607,91,175,41816,0
2047,1717,1607,91,175,41817,0
2047,1718,1607,91,175,41818,0
2047,1719,1607,91,175,41819,0
2047,1720,1607,91,175,41820,0
2047,1721,1607,91,175,41821,0
2047,1722,1607,91,175,41822,0
2047,1723,1607,91,175,41823,0
2047,1724,1607,91,175,41824,0
2047,1725,1607,91,175,41825,0
2047,1726,1607,91,175,41826,0
2047,1727,1607,91,175,41827,0
2047,1728,1607,91,175,41828,0
2047,1729,1607,91,175,41829,0
2047,1730,1607,91,175,41830,0
2047,1731,1607,91,175,41831,0
2047,1732,1607,91,175,41832,0
2047,1733,1607,91,175,41833,0
2047,1734,1607,91,175,41834,0
2047,1735,1607,91,175,41835,0
2047,1736,1607,91,175,41836,0
2047,1737,1607,91,175,41837,0
2047,1738,1607,91,175,41838,0
2047,1739,1607,91,175,41839,0
2047,1740,1607,91,175,41840,0
2047,1741,1607,91,175,41841,0
2047,1742,1607,91,175,41842,0
2047,1743,1607,91,175,41843,0
2047,1744,1607,91,175,41844,0
2047,1745,1607,91,175,41845,0
2047,1746,1607,91,175,41846,0
2047,1747,1607,91,175,41847,0
2047,1748,1607,91,175,41848,0
2047,1749,1607,91,175,41849,0
2047,1750,1607,91,175,41850,0
2047,1751,1607,91,175,41851,0
2047,1752,1607,91,175,41852,0
2047,1753,1607,91,175,41853,0
2047,1754,1607,91,175,41854,0
2047,1755,1607,91,175,41855,0
2047,1756,1607,91,175,41856,0
2047,1757,1607,91,175,41857,0
2047,1758,1607,91,175,41858,0
2047,1759,1607,91,175,41859,0
2047,1760,1607,91,175,41860,0
2047,1761,1607,91,175,41861,0
2047,1762,1607,91,175,41862,0
2047,1763,1607,91,175,41863,0
2047,1764,1607,91,175,41864,0
2047,1765,1607,91,175,41865,0
2047,1766,1607,91,175,41866,0
2047,1767,1607,91,175,41867,0
2047,1768,1607,91,175,41868,0
2047,1769,1607,91,175,41869,0
2047,1770,1607,91,175,41870,0
2047,1771,1607,91,175,41871,0
2047,1772,1607,91,175,41872,0
2047,1773,1607,91,175,41873,0
2047,1774,1607,91,175,41874,0
2047,1775,1607,91,175,41875,0
2047,1776,1607,91,175,41876,0
2047,1777,1607,91,175,41877,0
2047,1778,1607,91,175,41878,0
2047,1779,1607,91,175,41879,0
2047,1780,1607,91,175,41880,0
2047,1781,1607,91,175,41881,0
2047,1782,1607,91,175,41882,0
2047,1783,1607,91,175,41883,0
2047,1784,1607,91,175,41884,0
2047,1785,1607,91,175,41885,0
2047,1786,1607,91,175,41886,0
2047,1787,1607,91,175,41887,0
2047,1788,1607,91,175,41888,0
2047,1789,1607,91,175,41889,0
2047,1790,1607,91,175,41890,0
2047,1791,1607,91,175,41891,0
2047,1792,1607,91,175,41892,0
2047,1793,1607,91,175,41893,0
2047,1794,1607,91,175,41894,0
2047,1795,1607,91,175,41895,0
2047,1796,1607,91,175,41896,0
2047,1797,1607,91,175,41897,0
2047,1798,1607,91,175,41898,0
2127,1799,1607,91,175,41899,0
2127,1800,1607,91,175,41900,0
2127,1801,1607,91,175,41901,0
2127,1802,1607,91,175,41902,0
2127,1803,1607,91,175,41903,0
2127,1804,1607,91,175,41904,0
2127,1805,1607,91,175,41905,0
2127,1806,1607,91,175,41906,0
2127,1807,1607,91,175,41907,0
2127,1808,1607,91,175,41908,0
2147,1809,1607,91,175,41909,0
2147,1810,1607,91,175,41910,0
2148,1811,1607,91,175,41911,0
2148,1812,1607,91,175,41912,0
2148,1813,1607,91,175,41913,0
2148,1814,1607,91,175,41914,0
2148,1815,1607,91,175,41915,0
2148,1816,1607,91,175,41916,0
2148,1817,1607,91,175,41917,0
2149,1818,1607,91,175,41918,0
2149,1819,1607,91,175,41919,0
2149,1820,1607,91,175,41920,0
2149,1821,1607,91,175,41921,0
2149,1822,1607,91,175,41922,0
2149,1823,1607,91,175,41923,0
2149,1824,1607,91,175,41924,0
2149,1825,1607,91,175,41925,0
2149,1826,1607,91,175,41926,0
2149,1827,1607,91,175,41927,0
2149,1828,1607,91,175,41928,0
2149,1829,1607,91,175,41929,0
2149,1830,1607,91,175,41930,0
2149,1831,1607,91,175,41931,0
2149,1832,1607,91,175,41932,0
2149,1833,1607,91,175,41933,0
2149,1834,1607,91,175,41934,0
2149,1835,1607,91,175,41935,0
2149,1836,1607,91,175,41936,0
2149,1837,1607,91,175,41937,0
2149,1838,1607,91,175,41938,0
2149,1839,1607,91,175,41939,0
2149,1840,1607,91,175,41940,0
2149,1841,1607,91,175,41941,0
2149,1842,1607,91,175,41942,0
2149,1843,1607,91,175,41943,0
2149,1844,1607,91,175,41944,0
2149,1845,1607,91,175,41945,0
2149,1846,1607,91,175,41946,0
2149,1847,1607,91,175,41947,0
2149,1848,1607,91,175,41948,0
2149,1849,1607,91,175,41949,0
2149,1850,1607,91,175,41950,0
2149,1851,1607,91,175,41951,0
2149,1852,1607,91,175,41952,0
2149,1853,1607,91,175,41953,0
2149,1854,1607,91,175,41954,0
2149,1855,1607,91,175,41955,0
2149,1856,1607,91,175,41956,0
2149,1857,1607,91,175,41957,0
2149,1858,1607,91,175,41958,0
2149,1859,1607,91,175,41959,0
2149,1860,1607,91,175,41960,0
2149,1861,1607,91,175,41961,0
2149,1862,1607,91,175,41962,0
2149,1863,1607,91,175,41963,0
2149,1864,1607,91,175,41964,0
2149,1865,1607,91,175,41965,0
2149,1866,1607,91,175,41966,0
2149,1867,1607,91,175,41967,0
2149,1868,1607,91,175,41968,0
2149,1869,1607,91,175,41969,0
2149,1870,1607,91,175,41970,0
2149,1871,1607,91,175,41971,0
2149,1872,1607,91,175,41972,0
2149,1873,1607,91,175,41973,0
2149,1874,1607,91,175,41974,0
2149,1875,1607,91,175,41975,0
2149,1876,1607,91,175,41976,0
2149,1877,1607,91,175,41977,0
2149,1878,1607,91,175,41978,0
2149,1879,1607,91,175,41979,0
2149,1880,1607,91,175,41980,0
2149,1881,1607,91,175,41981,0
2149,1882,1607,91,175,41982,0
2149,1883,1607,91,175,41983,0
2149,1884,1607,91,175,41984,0
2149,1885,1607,91,175,41985,0
2149,1886,1607,91,175,41986,0
2149,1887,1607,91,175,41987,0
2149,1888,1607,91,175,41988,0
2149,1889,1607,91,175,41989,0
2149,1890,1607,91,175,41990,0
2149,1891,1607,91,175,41991,0
2241,1892,1607,91,175,41992,0
2241,1893,1607,91,175,41993,0
2241,1894,1607,91,175,41994,0
2241,1895,1607,91,175,41995,0
2241,1896,1607,91,175,41996,0
2241,1897,1607,91,175,41997,0
2241,1898,1607,91,175,41998,0
2241,1899,1607,91,175,41999,0
2241,1900,1607,91,175,42000,0
2241,1901,1607,91,175,42001,0
2258,1902,1607,91,175,42002,0
2258,1903,1607,91,175,42003,0
2258,1904,1607,91,175,42004,0
2258,1905,1607,91,175,42005,0
2258,1906,1607,91,175,42006,0
2258,1907,1607,91,175,42007,0
2258,1908,1607,91,175,42008,0
2258,1909,1607,91,175,42009,0
2258,1910,1607,91,175,42010,0
2258,1911,1607,91,175,42011,0
2258,1912,1607,91,175,42012,0
2258,1913,1607,91,175,42013,0
2258,1914,1607,91,175,42014,0
2258,1915,1607,91,175,42015,0
2258,1916,1607,91,175,42016,0
2258,1917,1607,91,175,42017,0
2258,1918,1607,91,175,42018,0
2258,1919,1607,91,175,42019,0
2258,1920,1607,91,175,42020,0
2258,1921,1607,91,175,42021,0
2258,1922,1607,91,175,42022,0
2258,1923,1607,91,175,42023,0
2258,1924,1607,91,175,42024,0
2258,1925,1607,91,175,42025,0
2258,1926,1607,91,175,42026,0
2259,1927,1607,91,175,42027,0
2259,1928,1607,91,175,42028,0
2259,1929,1607,91,175,42029,0
2259,1930,1607,91,175,42030,0
2259,1931,1607,91,175,42031,0
2259,1932,1607,91,175,42032,0
2259,1933,1607,91,175,42033,0
2259,1934,1607,91,175,42034,0
2259,1935,1607,91,175,42035,0
2259,1936,1607,91,175,42036,0
2259,1937,1607,91,175,42037,0
2259,1938,1607,91,175,42038,0
2259,1939,1607,91,175,42039,0
2259,1940,1607,91,175,42040,0
2259,1941,1607,91,175,42041,0
2259,1942,1607,91,175,42042,0
2259,1943,1607,91,175,42043,0
2259,1944,1607,91,175,42044,0
2259,1945,1607,91,175,42045,0
2259,1946,1607,91,175,42046,0
2259,1947,1607,91,175,42047,0
2259,1948,1607,91,175,42048,0
2259,1949,1607,91,175,42049,0
2259,1950,1607,91,175,42050,0
2259,1951,1607,91,175,42051,0
2259,1952,1607,91,175,42052,0
2259,1953,1607,91,175,42053,0
2259,1954,1607,91,175,42054,0
2259,1955,1607,91,175,42055,0
2259,1956,1607,91,175,42056,0
2259,1957,1607,91,175,42057,0
2259,1958,1607,91,175,42058,0
2259,1959,1607,91,175,42059,0
2259,1960,1607,91,175,42060,0
2259,1961,1607,91,175,42061,0
2259,1962,1607,91,175,42062,0
2259,1963,1607,91,175,42063,0
2259,1964,1607,91,175,42064,0
2259,1965,1607,91,175,42065,0
2259,1966,1607,91,175,42066,0
2259,1967,1607,91,175,42067,0
2259,1968,1607,91,175,42068,0
2259,1969,1607,91,175,42069,0
2259,1970,1607,91,175,42070,0
2259,1971,1607,91,175,42071,0
2259,1972,1607,91,175,42072,0
2259,1973,1607,91,175,42073,0
2259,1974,1607,91,175,42074,0
2259,1975,1607,91,175,42075,0
2259,1976,1607,91,175,42076,0
2259,1977,1607,91,175,42077,0
2259,1978,1607,91,175,42078,0
2259,1979,1607,91,175,42079,0
2259,1980,1607,91,175,42080,0
2259,1981,1607,91,175,42081,0
2259,1982,1607,91,175,42082,0
2259,1983,1607,91,175,42083,0
2259,1984,1607,91,175,42084,0
2259,1985,1607,91,175,42085,0
2259,1986,1607,91,175,42086,0
2357,1987,1607,91,175,42087,0
2357,1988,1607,91,175,42088,0
2357,1989,1607,91,175,42089,0
2357,1990,1607,91,175,42090,0
2357,1991,1607,91,175,42091,0
2357,1992,1607,91,175,42092,0
2357,1993,1607,91,175,42093,0
2357,1994,1607,91,175,42094,0
2357,1995,1607,91,175,42095,0
2357,1996,1607,91,175,42096,0
2378,1997,1607,91,175,42097,0
2378,1998,1607,91,175,42098,0
2378,1999,1607,91,175,42099,0
2378,2000,1607,91,175,42100,0
2378,2001,1607,91,175,42101,0
2378,2002,1607,91,175,42102,0
2378,2003,1607,91,175,42103,0
2378,2004,1607,91,175,42104,0
2378,2005,1607,91,175,42105,0
2378,2006,1607,91,175,42106,0
2378,2008,2378,92,175,42107,0
2378,2009,2378,92,175,42108,0
2378,2010,2378,92,175,42109,0
2378,2011,2378,92,175,42110,0
2378,2012,2378,92,175,42111,0
2378,2013,2378,92,176,42111,0
2378,2014,2378,92,176,42112,0
2378,2015,2378,92,176,42113,0
2378,2016,2378,92,177,42113,0
2378,2017,2378,92,177,42114,0
2378,2018,2378,92,177,42115,0
2378,2019,2378,92,177,42116,0
2378,2020,2378,92,177,42117,0
2378,2021,2378,92,177,42118,0
2378,2022,2378,92,177,42119,0
2378,2023,2378,92,177,42120,0
2378,2024,2378,92,177,42121,0
2378,2025,2378,92,177,42122,0
2378,2026,2378,92,177,42123,0
2378,2027,2378,92,177,42124,0
2378,2028,2378,92,177,42125,0
2378,2029,2378,92,177,42126,0
2378,2030,2378,92,177,42127,0
2378,2031,2378,92,177,42128,0
2378,2032,2378,92,177,42129,0
2378,2033,2378,92,177,42130,0
2378,2034,2378,92,177,42131,0
2378,2035,2378,92,177,42132,0
2378,2036,2378,92,178,42132,0
2378,2037,2378,92,178,42133,0
2378,2038,2378,92,178,42134,0
2378,2039,2378,92,178,42135,0
2378,2040,2378,92,178,42136,0
2378,2041,2378,92,178,42137,0
2378,2042,2378,92,178,42138,0
2378,2043,2378,92,179,42138,0
2378,2046,2378,94,179,42139,0
2378,2047,2378,94,179,42140,0
2378,2048,2378,94,179,42141,0
2378,2049,2378,94,179,42142,0
2378,2051,2378,95,179,42143,0
2378,2052,2378,95,179,42144,0
2378,2053,2378,95,179,42145,0
2378,2054,2378,95,179,42146,0
2378,2055,2378,95,179,42147,0
2378,2056,2378,95,179,42148,0
2378,2057,2378,95,179,42149,0
2378,2058,2378,95,179,42150,0
2378,2059,2378,95,179,42151,0
2378,2060,2378,95,179,42152,0
2378,2061,2378,95,179,42153,0
2378,2062,2378,95,179,42154,0
2378,2063,2378,95,179,42155,0
2378,2064,2378,95,179,42156,0
2378,2065,2378,95,179,42157,0
2378,2066,2378,95,179,42158,0
2378,2067,2378,95,180,42158,0
2378,2068,2378,95,180,42159,0
2378,2069,2378,95,180,42160,0
2378,2070,2378,95,180,42161,0
2378,2071,2378,95,180,42162,0
2378,2073,2378,96,180,42163,0
2378,2074,2378,96,180,42164,0
2380,2075,2378,96,180,42165,0
2380,2076,2378,96,180,42166,0
2380,2077,2378,96,180,42167,0
2380,2078,2378,96,180,42168,0
2380,2079,2378,96,180,42169,0
2380,2080,2378,96,180,42170,0
2380,2081,2378,96,180,42171,0
2380,2082,2378,96,180,42172,0
2380,2083,2378,96,180,42173,0
2380,2084,2378,96,180,42174,0
2380,2085,2378,96,180,42175,0
2380,2086,2378,96,180,42176,0
2458,2087,2378,96,180,42177,0
2458,2088,2378,96,180,42178,0
2458,2089,2378,96,180,42179,0
2458,2090,2378,96,180,42180,0
2458,2091,2378,96,180,42181,0
2458,2092,2378,96,180,42182,0
2458,2093,2378,96,180,42183,0
2458,2094,2378,96,180,42184,0
2458,2095,2378,96,180,42185,0
2458,2096,2378,96,180,42186,0
2477,2097,2378,96,180,42187,0
2477,2098,2378,96,180,42188,0
2477,2099,2378,96,180,42189,0
2477,2100,2378,96,180,42190,0
2478,2101,2378,96,180,42191,0
2478,2102,2378,96,180,42192,0
2478,2103,2378,96,180,42193,0
2478,2104,2378,96,180,42194,0
2478,2105,2378,96,180,42195,0
2478,2106,2378,96,180,42196,0
2478,2107,2378,96,180,42197,0
2478,2108,2378,96,180,42198,0
2478,2109,2378,96,180,42199,0
2478,2110,2378,96,180,42200,0
2478,2111,2378,96,180,42201,0
2478,2112,2378,96,180,42202,0
2479,2113,2378,96,180,42203,0
2479,2114,2378,96,180,42204,0
2479,2115,2378,96,180,42205,0
2479,2116,2378,96,180,42206,0
2479,2117,2378,96,180,42207,0
2479,2118,2378,96,180,42208,0
2479,2119,2378,96,180,42209,0
2479,2120,2378,96,180,42210,0
2479,2121,2378,96,180,42211,0
2479,2122,2378,96,180,42212,0
2479,2123,2378,96,180,42213,0
2479,2124,2378,96,180,42214,0
2479,2125,2378,96,180,42215,0
2479,2126,2378,96,180,42216,0
2479,2127,2378,96,180,42217,0
2479,2128,2378,96,180,42218,0
2479,2129,2378,96,180,42219,0
2479,2130,2378,96,180,42220,0
2479,2131,2378,96,180,42221,0
2479,2132,2378,96,180,42222,0
2479,2133,2378,96,180,42223,0
2479,2134,2378,96,180,42224,0
2479,2135,2378,96,180,42225,0
2479,2136,2378,96,180,42226,0
2479,2137,2378,96,180,42227,0
2479,2138,2378,96,180,42228,0
2479,2139,2378,96,180,42229,0
2479,2140,2378,96,180,42230,0
2479,2141,2378,96,180,42231,0
2479,2142,2378,96,180,42232,0
2479,2143,2378,96,180,42233,0
2479,2144,2378,96,180,42234,0
2479,2145,2378,96,180,42235,0
2479,2146,2378,96,180,42236,0
2479,2147,2378,96,180,42237,0
2479,2148,2378,96,180,42238,0
2479,2149,2378,96,180,42239,0
2479,2150,2378,96,180,42240,0
2479,2151,2378,96,180,42241,0
2479,2152,2378,96,180,42242,0
2479,2153,2378,96,180,42243,0
2479,2154,2378,96,180,42244,0
2479,2155,2378,96,180,42245,0
2479,2156,2378,96,180,42246,0
2479,2157,2378,96,180,42247,0
2479,2158,2378,96,180,42248,0
2479,2159,2378,96,180,42249,0
2479,2160,2378,96,180,42250,0
2479,2161,2378,96,180,42251,0
2479,2162,2378,96,180,42252,0
2479,2163,2378,96,180,42253,0
2479,2164,2378,96,180,42254,0
2479,2165,2378,96,180,42255,0
2479,2166,2378,96,180,42256,0
2479,2167,2378,96,180,42257,0
2479,2168,2378,96,180,42258,0
2479,2169,2378,96,180,42259,0
2479,2170,2378,96,180,42260,0
2479,2171,2378,96,180,42261,0
2479,2172,2378,96,180,42262,0
2479,2173,2378,96,180,42263,0
2479,2174,2378,96,180,42264,0
2479,2175,2378,96,180,42265,0
2479,2176,2378,96,180,42266,0
2479,2177,2378,96,180,42267,0
2577,2178,2378,96,180,42268,0
2577,2179,2378,96,180,42269,0
2577,2180,2378,96,180,42270,0
2577,2181,2378,96,180,42271,0
2577,2182,2378,96,180,42272,0
2577,2183,2378,96,180,42273,0
2577,2184,2378,96,180,42274,0
2577,2185,2378,96,180,42275,0
2577,2186,2378,96,180,42276,0
2577,2187,2378,96,180,42277,0
2579,2188,2378,96,180,42278,0
2579,2189,2378,96,180,42279,0
2579,2190,2378,96,180,42280,0
2579,2191,2378,96,180,42281,0
2579,2192,2378,96,180,42282,0
2579,2193,2378,96,180,42283,0
2579,2194,2378,96,180,42284,0
2579,2195,2378,96,180,42285,0
2579,2196,2378,96,180,42286,0
2579,2197,2378,96,180,42287,0
2579,2198,2378,96,180,42288,0
2579,2199,2378,96,180,42289,0
2579,2200,2378,96,180,42290,0
2579,2201,2378,96,180,42291,0
2579,2202,2378,96,180,42292,0
2579,2203,2378,96,180,42293,0
2579,2204,2378,96,180,42294,0
2579,2205,2378,96,180,42295,0
2579,2206,2378,96,180,42296,0
2579,2207,2378,96,180,42297,0
2579,2208,2378,96,180,42298,0
2579,2209,2378,96,180,42299,0
2579,2210,2378,96,180,42300,0
2579,2211,2378,96,180,42301,0
2579,2212,2378,96,180,42302,0
2580,2213,2378,96,180,42303,0
2580,2214,2378,96,180,42304,0
2580,2215,2378,96,180,42305,0
2580,2216,2378,96,180,42306,0
2580,2217,2378,96,180,42307,0
2580,2218,2378,96,180,42308,0
2580,2219,2378,96,180,42309,0
2580,2220,2378,96,180,42310,0
2580,2221,2378,96,180,42311,0
2580,2222,2378,96,180,42312,0
2580,2223,2378,96,180,42313,0
2580,2224,2378,96,180,42314,0
2580,2225,2378,96,180,42315,0
2580,2226,2378,96,180,42316,0
2580,2227,2378,96,180,42317,0
2580,2228,2378,96,180,42318,0
2580,2229,2378,96,180,42319,0
2580,2230,2378,96,180,42320,0
2580,2231,2378,96,180,42321,0
2580,2232,2378,96,180,42322,0
2580,2233,2378,96,180,42323,0
2580,2234,2378,96,180,42324,0
2580,2235,2378,96,180,42325,0
2580,2236,2378,96,180,42326,0
2580,2237,2378,96,180,42327,0
2580,2238,2378,96,180,42328,0
2580,2239,2378,96,180,42329,0
2580,2240,2378,96,180,42330,0
2580,2241,2378,96,180,42331,0
2580,2242,2378,96,180,42332,0
2580,2243,2378,96,180,42333,0
2580,2244,2378,96,180,42334,0
2580,2245,2378,96,180,42335,0
2580,2246,2378,96,180,42336,0
2580,2247,2378,96,180,42337,0
2580,2248,2378,96,180,42338,0
2580,2249,2378,96,180,42339,0
2580,2250,2378,96,180,42340,0
2580,2251,2378,96,180,42341,0
2580,2252,2378,96,180,42342,0
2580,2253,2378,96,180,42343,0
2580,2254,2378,96,180,42344,0
2580,2255,2378,96,180,42345,0
2580,2256,2378,96,180,42346,0
2580,2257,2378,96,180,42347,0
2580,2258,2378,96,180,42348,0
2687,2259,2378,96,180,42349,0
2687,2260,2378,96,180,42350,0
2687,2261,2378,96,180,42351,0
2687,2262,2378,96,180,42352,0
2687,2263,2378,96,180,42353,0
2687,2264,2378,96,180,42354,0
2687,2265,2378,96,180,42355,0
2687,2266,2378,96,180,42356,0
2687,2267,2378,96,180,42357,0
2687,2268,2378,96,180,42358,0
2687,2269,2378,96,180,42359,0
2687,2270,2378,96,180,42360,0
2687,2271,2378,96,180,42361,0
2687,2272,2378,96,180,42362,0
2687,2273,2378,96,180,42363,0
2687,2274,2378,96,180,42364,0
2687,2275,2378,96,180,42365,0
2687,2276,2378,96,180,42366,0
2687,2277,2378,96,180,42367,0
2687,2278,2378,96,180,42368,0
2687,2279,2378,96,180,42369,0
2687,2280,2378,96,180,42370,0
2687,2281,2378,96,180,42371,0
2687,2282,2378,96,180,42372,0
2687,2283,2378,96,180,42373,0
2687,2284,2378,96,180,42374,0
2687,2285,2378,96,180,42375,0
2687,2286,2378,96,180,42376,0
2687,2287,2378,96,180,42377,0
2687,2288,2378,96,180,42378,0
2687,2289,2378,96,180,42379,0
2687,2290,2378,96,180,42380,0
2687,2291,2378,96,180,42381,0
2687,2292,2378,96,180,42382,0
2687,2293,2378,96,180,42383,0
2687,2294,2378,96,180,42384,0
2687,2295,2378,96,180,42385,0
2687,2296,2378,96,180,42386,0
2687,2297,2378,96,180,42387,0
2687,2298,2378,96,180,42388,0
2687,2299,2378,96,180,42389,0
2687,2300,2378,96,180,42390,0
2687,2301,2378,96,180,42391,0
2687,2302,2378,96,180,42392,0
2687,2303,2378,96,180,42393,0
2687,2304,2378,96,180,42394,0
2687,2305,2378,96,180,42395,0
2687,2306,2378,96,180,42396,0
2687,2307,2378,96,180,42397,0
2687,2308,2378,96,180,42398,0
2687,2309,2378,96,180,42399,0
2687,2310,2378,96,180,42400,0
2687,2311,2378,96,180,42401,0
2687,2312,2378,96,180,42402,0
2687,2313,2378,96,180,42403,0
2687,2314,2378,96,180,42404,0
2687,2315,2378,96,180,42405,0
2687,2316,2378,96,180,42406,0
2687,2317,2378,96,180,42407,0
2687,2318,2378,96,180,42408,0
2687,2319,2378,96,180,42409,0
2687,2320,2378,96,180,42410,0
2687,2321,2378,96,180,42411,0
2687,2322,2378,96,180,42412,0
2687,2323,2378,96,180,42413,0
2687,2324,2378,96,180,42414,0
2687,2325,2378,96,180,42415,0
2687,2326,2378,96,180,42416,0
2687,2327,2378,96,180,42417,0
2687,2328,2378,96,180,42418,0
2687,2329,2378,96,180,42419,0
2687,2330,2378,96,180,42420,0
2687,2331,2378,96,180,42421,0
2687,2332,2378,96,180,42422,0
2687,2333,2378,96,180,42423,0
2687,2334,2378,96,180,42424,0
2687,2335,2378,96,180,42425,0
2687,2336,2378,96,180,42426,0
2687,2337,2378,96,180,42427,0
2687,2338,2378,96,180,42428,0
2687,2339,2378,96,180,42429,0
2687,2340,2378,96,180,42430,0
2687,2341,2378,96,180,42431,0
2687,2342,2378,96,180,42432,0
2687,2343,2378,96,180,42433,0
2687,2344,2378,96,180,42434,0
2687,2345,2378,96,180,42435,0
2687,2346,2378,96,180,42436,0
2687,2347,2378,96,180,42437,0
2687,2348,2378,96,180,42438,0
2687,2349,2378,96,180,42439,0
2687,2350,2378,96,180,42440,0
2687,2351,2378,96,180,42441,0
2687,2352,2378,96,180,42442,0
2687,2353,2378,96,180,42443,0
2687,2354,2378,96,180,42444,0
2687,2355,2378,96,180,42445,0
2687,2356,2378,96,180,42446,0
2687,2357,2378,96,180,42447,0
2687,2358,2378,96,180,42448,0
2687,2359,2378,96,180,42449,0
2787,2360,2378,96,180,42450,0
2788,2361,2378,96,180,42451,0
2788,2362,2378,96,180,42452,0
2789,2363,2378,96,180,42453,0
2789,2364,2378,96,180,42454,0
2789,2365,2378,96,180,42455,0
2789,2366,2378,96,180,42456,0
2789,2367,2378,96,180,42457,0
2789,2368,2378,96,180,42458,0
2789,2369,2378,96,180,42459,0
2789,2370,2378,96,180,42460,0
2789,2371,2378,96,180,42461,0
2789,2372,2378,96,180,42462,0
2789,2373,2378,96,180,42463,0
2789,2374,2378,96,180,42464,0
2789,2375,2378,96,180,42465,0
2789,2376,2378,96,180,42466,0
2789,2377,2378,96,180,42467,0
2789,2378,2378,96,180,42468,0
2789,2379,2378,96,180,42469,0
2789,2380,2378,96,180,42470,0
2789,2381,2378,96,180,42471,0
2789,2382,2378,96,180,42472,0
2789,2383,2378,96,180,42473,0
2789,2384,2378,96,180,42474,0
2789,2385,2378,96,180,42475,0
2789,2386,2378,96,180,42476,0
2789,2387,2378,96,180,42477,0
2789,2388,2378,96,180,42478,0
2789,2389,2378,96,180,42479,0
2789,2390,2378,96,180,42480,0
2789,2391,2378,96,180,42481,0
2789,2392,2378,96,180,42482,0
2789,2393,2378,96,180,42483,0
2789,2394,2378,96,180,42484,0
2789,2395,2378,96,180,42485,0
2789,2396,2378,96,180,42486,0
2789,2397,2378,96,180,42487,0
2789,2398,2378,96,180,42488,0
2789,2399,2378,96,180,42489,0
2789,2400,2378,96,180,42490,0
2789,2401,2378,96,180,42491,0
2789,2402,2378,96,180,42492,0
2789,2403,2378,96,180,42493,0
2789,2404,2378,96,180,42494,0
2789,2405,2378,96,180,42495,0
2789,2406,2378,96,180,42496,0
2789,2407,2378,96,180,42497,0
2789,2408,2378,96,180,42498,0
2789,2409,2378,96,180,42499,0
2789,2410,2378,96,180,42500,0
2789,2411,2378,96,180,42501,0
2789,2412,2378,96,180,42502,0
2789,2413,2378,96,180,42503,0
2789,2414,2378,96,180,42504,0
2789,2415,2378,96,180,42505,0
2789,2416,2378,96,180,42506,0
2789,2417,2378,96,180,42507,0
2789,2418,2378,96,180,42508,0
2789,2419,2378,96,180,42509,0
2789,2420,2378,96,180,42510,0
2789,2421,2378,96,180,42511,0
2789,2422,2378,96,180,42512,0
2789,2423,2378,96,180,42513,0
2789,2424,2378,96,180,42514,0
2789,2425,2378,96,180,42515,0
2789,2426,2378,96,180,42516,0
2789,2427,2378,96,180,42517,0
2789,2428,2378,96,180,42518,0
2789,2429,2378,96,180,42519,0
2789,2430,2378,96,180,42520,0
2789,2431,2378,96,180,42521,0
2789,2432,2378,96,180,42522,0
2789,2433,2378,96,180,42523,0
2789,2434,2378,96,180,42524,0
2789,2435,2378,96,180,42525,0
2789,2436,2378,96,180,42526,0
2789,2437,2378,96,180,42527,0
2789,2438,2378,96,180,42528,0
2789,2439,2378,96,180,42529,0
2790,2440,2378,96,180,42530,0
2790,2441,2378,96,180,42531,0
2790,2442,2378,96,180,42532,0
2790,2443,2378,96,180,42533,0
2790,2444,2378,96,180,42534,0
2790,2445,2378,96,180,42535,0
2790,2446,2378,96,180,42536,0
2790,2447,2378,96,180,42537,0
2790,2448,2378,96,180,42538,0
2790,2449,2378,96,180,42539,0
2790,2450,2378,96,180,42540,0
2790,2451,2378,96,180,42541,0
2790,2452,2378,96,180,42542,0
2790,2453,2378,96,180,42543,0
2790,2454,2378,96,180,42544,0
2790,2455,2378,96,180,42545,0
2790,2456,2378,96,180,42546,0
2790,2457,2378,96,180,42547,0
2790,2458,2378,96,180,42548,0
2887,2459,2378,96,180,42549,0
2888,2460,2378,96,180,42550,0
2888,2461,2378,96,180,42551,0
2888,2462,2378,96,180,42552,0
2888,2463,2378,96,180,42553,0
2888,2464,2378,96,180,42554,0
2888,2465,2378,96,180,42555,0
2888,2466,2378,96,180,42556,0
2888,2467,2378,96,180,42557,0
2888,2468,2378,96,180,42558,0
2888,2469,2378,96,180,42559,0
2888,2470,2378,96,180,42560,0
2888,2471,2378,96,180,42561,0
2888,2472,2378,96,180,42562,0
2888,2473,2378,96,180,42563,0
2888,2474,2378,96,180,42564,0
2888,2475,2378,96,180,42565,0
2888,2476,2378,96,180,42566,0
2888,2477,2378,96,180,42567,0
2888,2478,2378,96,180,42568,0
2888,2479,2378,96,180,42569,0
2888,2480,2378,96,180,42570,0
2888,2481,2378,96,180,42571,0
2888,2482,2378,96,180,42572,0
2888,2483,2378,96,180,42573,0
2888,2484,2378,96,180,42574,0
2888,2485,2378,96,180,42575,0
2888,2486,2378,96,180,42576,0
2888,2487,2378,96,180,42577,0
2888,2488,2378,96,180,42578,0
2888,2489,2378,96,180,42579,0
2888,2490,2378,96,180,42580,0
2888,2491,2378,96,180,42581,0
2888,2492,2378,96,180,42582,0
2888,2493,2378,96,180,42583,0
2888,2494,2378,96,180,42584,0
2888,2495,2378,96,180,42585,0
2889,2496,2378,96,180,42586,0
2889,2497,2378,96,180,42587,0
2889,2498,2378,96,180,42588,0
2889,2499,2378,96,180,42589,0
2889,2500,2378,96,180,42590,0
2889,2501,2378,96,180,42591,0
2889,2502,2378,96,180,42592,0
2889,2503,2378,96,180,42593,0
2889,2504,2378,96,180,42594,0
2889,2505,2378,96,180,42595,0
2889,2506,2378,96,180,42596,0
2889,2507,2378,96,180,42597,0
2889,2508,2378,96,180,42598,0
2889,2509,2378,96,180,42599,0
2889,2510,2378,96,180,42600,0
2889,2511,2378,96,180,42601,0
2889,2512,2378,96,180,42602,0
2889,2513,2378,96,180,42603,0
2889,2514,2378,96,180,42604,0
2889,2515,2378,96,180,42605,0
2889,2516,2378,96,180,42606,0
2889,2517,2378,96,180,42607,0
2889,2518,2378,96,180,42608,0
2889,2519,2378,96,180,42609,0
2889,2520,2378,96,180,42610,0
2889,2521,2378,96,180,42611,0
2889,2522,2378,96,180,42612,0
2889,2523,2378,96,180,42613,0
2889,2524,2378,96,180,42614,0
2889,2525,2378,96,180,42615,0
2889,2526,2378,96,180,42616,0
2889,2527,2378,96,180,42617,0
2889,2528,2378,96,180,42618,0
2889,2529,2378,96,180,42619,0
2889,2530,2378,96,180,42620,0
2889,2531,2378,96,180,42621,0
2889,2532,2378,96,180,42622,0
2889,2533,2378,96,180,42623,0
2889,2534,2378,96,180,42624,0
2889,2535,2378,96,180,42625,0
2889,2536,2378,96,180,42626,0
2889,2537,2378,96,180,42627,0
2889,2538,2378,96,180,42628,0
2889,2539,2378,96,180,42629,0
2988,2540,2378,96,180,42630,0
2989,2541,2378,96,180,42631,0
2989,2542,2378,96,180,42632,0
2989,2543,2378,96,180,42633,0
2989,2544,2378,96,180,42634,0
2989,2545,2378,96,180,42635,0
2989,2546,2378,96,180,42636,0
2989,2547,2378,96,180,42637,0
2989,2548,2378,96,180,42638,0
2989,2549,2378,96,180,42639,0
2989,2550,2378,96,180,42640,0
2989,2551,2378,96,180,42641,0
2989,2552,2378,96,180,42642,0
2989,2553,2378,96,180,42643,0
2989,2554,2378,96,180,42644,0
2989,2555,2378,96,180,42645,0
2989,2556,2378,96,180,42646,0
2989,2557,2378,96,180,42647,0
2989,2558,2378,96,180,42648,0
2989,2559,2378,96,180,42649,0
2989,2560,2378,96,180,42650,0
2989,2561,2378,96,180,42651,0
2989,2562,2378,96,180,42652,0
2989,2563,2378,96,180,42653,0
2989,2564,2378,96,180,42654,0
2989,2565,2378,96,180,42655,0
2989,2566,2378,96,180,42656,0
2989,2567,2378,96,180,42657,0
2990,2568,2378,96,180,42658,0
2990,2569,2378,96,180,42659,0
2990,2570,2378,96,180,42660,0
2990,2571,2378,96,180,42661,0
2990,2572,2378,96,180,42662,0
2990,2573,2378,96,180,42663,0
2990,2574,2378,96,180,42664,0
2990,2575,2378,96,180,42665,0
2990,2576,2378,96,180,42666,0
2990,2577,2378,96,180,42667,0
2990,2578,2378,96,180,42668,0
2990,2579,2378,96,180,42669,0
2990,2580,2378,96,180,42670,0
2990,2581,2378,96,180,42671,0
2990,2582,2378,96,180,42672,0
2990,2583,2378,96,180,42673,0
2990,2584,2378,96,180,42674,0
2990,2585,2378,96,180,42675,0
2990,2586,2378,96,180,42676,0
2990,2587,2378,96,180,42677,0
2990,2588,2378,96,180,42678,0
2990,2589,2378,96,180,42679,0
2990,2590,2378,96,180,42680,0
2990,2591,2378,96,180,42681,0
2990,2592,2378,96,180,42682,0
2990,2593,2378,96,180,42683,0
2990,2594,2378,96,180,42684,0
2990,2595,2378,96,180,42685,0
2990,2596,2378,96,180,42686,0
2990,2597,2378,96,180,42687,0
2990,2598,2378,96,180,42688,0
2990,2599,2378,96,180,42689,0
2990,2600,2378,96,180,42690,0
2990,2601,2378,96,180,42691,0
2990,2602,2378,96,180,42692,0
2990,2603,2378,96,180,42693,0
2990,2604,2378,96,180,42694,0
2990,2605,2378,96,180,42695,0
2990,2606,2378,96,180,42696,0
2990,2607,2378,96,180,42697,0
2990,2608,2378,96,180,42698,0
2990,2609,2378,96,180,42699,0
2990,2610,2378,96,180,42700,0
2990,2611,2378,96,180,42701,0
2990,2612,2378,96,180,42702,0
2990,2613,2378,96,180,42703,0
2990,2614,2378,96,180,42704,0
2990,2615,2378,96,180,42705,0
2990,2616,2378,96,180,42706,0
2990,2617,2378,96,180,42707,0
2990,2618,2378,96,180,42708,0
2990,2619,2378,96,180,42709,0
2990,2620,2378,96,180,42710,0
2990,2621,2378,96,180,42711,0
2990,2622,2378,96,180,42712,0
2990,2623,2378,96,180,42713,0
3088,2624,2378,96,180,42714,0
3089,2625,2378,96,180,42715,0
3089,2626,2378,96,180,42716,0
3089,2627,2378,96,180,42717,0
3089,2628,2378,96,180,42718,0
3089,2629,2378,96,180,42719,0
3089,2630,2378,96,180,42720,0
3089,2631,2378,96,180,42721,0
3089,2632,2378,96,180,42722,0
3089,2633,2378,96,180,42723,0
3089,2634,2378,96,180,42724,0
3089,2635,2378,96,180,42725,0
3089,2636,2378,96,180,42726,0
3089,2637,2378,96,180,42727,0
3089,2638,2378,96,180,42728,0
3089,2639,2378,96,180,42729,0
3089,2640,2378,96,180,42730,0
3089,2641,2378,96,180,42731,0
3089,2642,2378,96,180,42732,0
3089,2643,2378,96,180,42733,0
3089,2644,2378,96,180,42734,0
3089,2645,2378,96,180,42735,0
3089,2646,2378,96,180,42736,0
3089,2647,2378,96,180,42737,0
3089,2648,2378,96,180,42738,0
3089,2649,2378,96,180,42739,0
3089,2650,2378,96,180,42740,0
3089,2651,2378,96,180,42741,0
3089,2652,2378,96,180,42742,0
3089,2653,2378,96,180,42743,0
3089,2654,2378,96,180,42744,0
3089,2655,2378,96,180,42745,0
3089,2656,2378,96,180,42746,0
3090,2657,2378,96,180,42747,0
3090,2658,2378,96,180,42748,0
3090,2659,2378,96,180,42749,0
3090,2660,2378,96,180,42750,0
3090,2661,2378,96,180,42751,0
3090,2662,2378,96,180,42752,0
3090,2663,2378,96,180,42753,0
3090,2664,2378,96,180,42754,0
3090,2665,2378,96,180,42755,0
3090,2666,2378,96,180,42756,0
3090,2667,2378,96,180,42757,0
3090,2668,2378,96,180,42758,0
3090,2669,2378,96,180,42759,0
3090,2670,2378,96,180,42760,0
3090,2671,2378,96,180,42761,0
3090,2672,2378,96,180,42762,0
3090,2673,2378,96,180,42763,0
3090,2674,2378,96,180,42764,0
3090,2675,2378,96,180,42765,0
3090,2676,2378,96,180,42766,0
3090,2677,2378,96,180,42767,0
3090,2678,2378,96,180,42768,0
3090,2679,2378,96,180,42769,0
3090,2680,2378,96,180,42770,0
3090,2681,2378,96,180,42771,0
3090,2682,2378,96,180,42772,0
3090,2683,2378,96,180,42773,0
3090,2684,2378,96,180,42774,0
3090,2685,2378,96,180,42775,0
3090,2686,2378,96,180,42776,0
3090,2687,2378,96,180,42777,0
3090,2688,2378,96,180,42778,0
3090,2689,2378,96,180,42779,0
3090,2690,2378,96,180,42780,0
3090,2691,2378,96,180,42781,0
3090,2692,2378,96,180,42782,0
3090,2693,2378,96,180,42783,0
3090,2694,2378,96,180,42784,0
3090,2695,2378,96,180,42785,0
3090,2696,2378,96,180,42786,0
3090,2697,2378,96,180,42787,0
3090,2698,2378,96,180,42788,0
3090,2699,2378,96,180,42789,0
3090,2700,2378,96,180,42790,0
3090,2701,2378,96,180,42791,0
3090,2702,2378,96,180,42792,0
3090,2703,2378,96,180,42793,0
3090,2704,2378,96,180,42794,0
3090,2705,2378,96,180,42795,0
3090,2706,2378,96,180,42796,0
3090,2707,2378,96,180,42797,0
3090,2708,2378,96,180,42798,0
3188,2709,2378,96,180,42799,0
3189,2710,2378,96,180,42800,0
3189,2711,2378,96,180,42801,0
3189,2712,2378,96,180,42802,0
3189,2713,2378,96,180,42803,0
3189,2714,2378,96,180,42804,0
3189,2715,2378,96,180,42805,0
3189,2716,2378,96,180,42806,0
3189,2717,2378,96,180,42807,0
3189,2718,2378,96,180,42808,0
3189,2719,2378,96,180,42809,0
3189,2720,2378,96,180,42810,0
3189,2721,2378,96,180,42811,0
3189,2722,2378,96,180,42812,0
3189,2723,2378,96,180,42813,0
3189,2724,2378,96,180,42814,0
3189,2725,2378,96,180,42815,0
3189,2726,2378,96,180,42816,0
3189,2727,2378,96,180,42817,0
3189,2728,2378,96,180,42818,0
3189,2729,2378,96,180,42819,0
3189,2730,2378,96,180,42820,0
3189,2731,2378,96,180,42821,0
3189,2732,2378,96,180,42822,0
3189,2733,2378,96,180,42823,0
3189,2734,2378,96,180,42824,0
3189,2735,2378,96,180,42825,0
3189,2736,2378,96,180,42826,0
3189,2737,2378,96,180,42827,0
3189,2738,2378,96,180,42828,0
3189,2739,2378,96,180,42829,0
3189,2740,2378,96,180,42830,0
3189,2741,2378,96,180,42831,0
3189,2742,2378,96,180,42832,0
3189,2743,2378,96,180,42833,0
3189,2744,2378,96,180,42834,0
3189,2745,2378,96,180,42835,0
3189,2746,2378,96,180,42836,0
3189,2747,2378,96,180,42837,0
3190,2748,2378,96,180,42838,0
3190,2749,2378,96,180,42839,0
3190,2750,2378,96,180,42840,0
3190,2751,2378,96,180,42841,0
3190,2752,2378,96,180,42842,0
3190,2753,2378,96,180,42843,0
3190,2754,2378,96,180,42844,0
3190,2755,2378,96,180,42845,0
3190,2756,2378,96,180,42846,0
3190,2757,2378,96,180,42847,0
3190,2758,2378,96,180,42848,0
3190,2759,2378,96,180,42849,0
3190,2760,2378,96,180,42850,0
3190,2761,2378,96,180,42851,0
3190,2762,2378,96,180,42852,0
3190,2763,2378,96,180,42853,0
3190,2764,2378,96,180,42854,0
3190,2765,2378,96,180,42855,0
3190,2766,2378,96,180,42856,0
3190,2767,2378,96,180,42857,0
3190,2768,2378,96,180,42858,0
3190,2769,2378,96,180,42859,0
3190,2770,2378,96,180,42860,0
3190,2771,2378,96,180,42861,0
3190,2772,2378,96,180,42862,0
3190,2773,2378,96,180,42863,0
3190,2774,2378,96,180,42864,0
3190,2775,2378,96,180,42865,0
3190,2776,2378,96,180,42866,0
3190,2777,2378,96,180,42867,0
3190,2778,2378,96,180,42868,0
3190,2779,2378,96,180,42869,0
3190,2780,2378,96,180,42870,0
3190,2781,2378,96,180,42871,0
3190,2782,2378,96,180,42872,0
3190,2783,2378,96,180,42873,0
3191,2784,2378,96,180,42874,0
3191,2785,2378,96,180,42875,0
3191,2786,2378,96,180,42876,0
3191,2787,2378,96,180,42877,0
3191,2788,2378,96,180,42878,0
3191,2789,2378,96,180,42879,0
3191,2790,2378,96,180,42880,0
3191,2791,2378,96,180,42881,0
3191,2792,2378,96,180,42882,0
3191,2793,2378,96,180,42883,0
3288,2794,2378,96,180,42884,0
3289,2795,2378,96,180,42885,0
3289,2796,2378,96,180,42886,0
3289,2797,2378,96,180,42887,0
3289,2798,2378,96,180,42888,0
3289,2799,2378,96,180,42889,0
3289,2800,2378,96,180,42890,0
3289,2801,2378,96,180,42891,0
3289,2802,2378,96,180,42892,0
3289,2803,2378,96,180,42893,0
3289,2804,2378,96,180,42894,0
3289,2805,2378,96,180,42895,0
3289,2806,2378,96,180,42896,0
3289,2807,2378,96,180,42897,0
3289,2808,2378,96,180,42898,0
3289,2809,2378,96,180,42899,0
3289,2810,2378,96,180,42900,0
3289,2811,2378,96,180,42901,0
3289,2812,2378,96,180,42902,0
3289,2813,2378,96,180,42903,0
3289,2814,2378,96,180,42904,0
3289,2815,2378,96,180,42905,0
3289,2816,2378,96,180,42906,0
3289,2817,2378,96,180,42907,0
3289,2818,2378,96,180,42908,0
3289,2819,2378,96,180,42909,0
3289,2820,2378,96,180,42910,0
3289,2821,2378,96,180,42911,0
3289,2822,2378,96,180,42912,0
3289,2823,2378,96,180,42913,0
3289,2824,2378,96,180,42914,0
3289,2825,2378,96,180,42915,0
3289,2826,2378,96,180,42916,0
3289,2827,2378,96,180,42917,0
3289,2828,2378,96,180,42918,0
3289,2829,2378,96,180,42919,0
3289,2830,2378,96,180,42920,0
3289,2831,2378,96,180,42921,0
3290,2832,2378,96,180,42922,0
3290,2833,2378,96,180,42923,0
3290,2834,2378,96,180,42924,0
3290,2835,2378,96,180,42925,0
3290,2836,2378,96,180,42926,0
3290,2837,2378,96,180,42927,0
3290,2838,2378,96,180,42928,0
3290,2839,2378,96,180,42929,0
3290,2840,2378,96,180,42930,0
3290,2841,2378,96,180,42931,0
3290,2842,2378,96,180,42932,0
3290,2843,2378,96,180,42933,0
3290,2844,2378,96,180,42934,0
3290,2845,2378,96,180,42935,0
3290,2846,2378,96,180,42936,0
3290,2847,2378,96,180,42937,0
3290,2848,2378,96,180,42938,0
3290,2849,2378,96,180,42939,0
3290,2850,2378,96,180,42940,0
3290,2851,2378,96,180,42941,0
3290,2852,2378,96,180,42942,0
3290,2853,2378,96,180,42943,0
3290,2854,2378,96,180,42944,0
3290,2855,2378,96,180,42945,0
3290,2856,2378,96,180,42946,0
3290,2857,2378,96,180,42947,0
3290,2858,2378,96,180,42948,0
3290,2859,2378,96,180,42949,0
3290,2860,2378,96,180,42950,0
3290,2861,2378,96,180,42951,0
3290,2862,2378,96,180,42952,0
3290,2863,2378,96,180,42953,0
3290,2864,2378,96,180,42954,0
3290,2865,2378,96,180,42955,0
3290,2866,2378,96,180,42956,0
3290,2867,2378,96,180,42957,0
3291,2868,2378,96,180,42958,0
3291,2869,2378,96,180,42959,0
3291,2870,2378,96,180,42960,0
3291,2871,2378,96,180,42961,0
3291,2872,2378,96,180,42962,0
3291,2873,2378,96,180,42963,0
3291,2875,3291,97,180,42964,0
3291,2876,3291,97,180,42965,0
3291,2877,3291,97,180,42966,0
3388,2878,3291,97,180,42967,0
3389,2879,3291,97,180,42968,0
3389,2880,3291,97,180,42969,0
3389,2881,3291,97,180,42970,0
3389,2882,3291,97,180,42971,0
3389,2883,3291,97,180,42972,0
3389,2884,3291,97,180,42973,0
3389,2885,3291,97,181,42973,0
3389,2886,3291,97,181,42974,0
3389,2887,3291,97,181,42975,0
3389,2888,3291,97,181,42976,0
3389,2889,3291,97,181,42977,0
3389,2890,3291,97,181,42978,0
3389,2891,3291,97,181,42979,0
3389,2892,3291,97,181,42980,0
3389,2893,3291,97,181,42981,0
3389,2894,3291,97,181,42982,0
3389,2895,3291,97,181,42983,0
3389,2896,3291,97,181,42984,0
3389,2897,3291,97,181,42985,0
3389,2898,3291,97,181,42986,0
3389,2900,3389,98,181,42987,0
3389,2901,3389,98,181,42988,0
3389,2902,3389,98,181,42989,0
3389,2903,3389,98,181,42990,0
3389,2904,3389,98,181,42991,0
3389,2905,3389,98,181,42992,0
3389,2906,3389,98,181,42993,0
3389,2907,3389,98,181,42994,0
3389,2908,3389,98,181,42995,0
3389,2909,3389,98,181,42996,0
3389,2910,3389,98,181,42997,0
3389,2911,3389,98,182,42997,0
3389,2912,3389,98,182,42998,0
3389,2913,3389,98,182,42999,0
3389,2914,3389,98,182,43000,0
3389,2915,3389,98,182,43001,0
3389,2916,3389,98,182,43002,0
3389,2917,3389,98,182,43003,0
3390,2919,3390,99,182,43004,0
3390,2920,3390,99,182,43005,0
3390,2921,3390,99,182,43006,0
3390,2922,3390,99,182,43007,0
3390,2923,3390,99,182,43008,0
3390,2924,3390,99,182,43009,0
3390,2925,3390,99,182,43010,0
3390,2926,3390,99,182,43011,0
3390,2927,3390,99,182,43012,0
3390,2928,3390,99,182,43013,0
3390,2929,3390,99,182,43014,0
3390,2930,3390,99,182,43015,0
3390,2931,3390,99,182,43016,0
3390,2932,3390,99,182,43017,0
3390,2933,3390,99,182,43018,0
3390,2934,3390,99,182,43019,0
3390,2935,3390,99,182,43020,0
3390,2936,3390,99,182,43021,0
3390,2937,3390,99,182,43022,0
3390,2938,3390,99,182,43023,0
3390,2939,3390,99,182,43024,0
3390,2940,3390,99,183,43024,0
3390,2941,3390,99,183,43025,0
3390,2942,3390,99,183,43026,0
3390,2943,3390,99,183,43027,0
3390,2944,3390,99,183,43028,0
3390,2945,3390,99,183,43029,0
3390,2946,3390,99,183,43030,0
3390,2947,3390,99,183,43031,0
3390,2948,3390,99,183,43032,0
