11,1,0,0,0,25312,0
11,2,0,0,0,25313,0
21,3,0,0,0,25314,0
21,4,0,0,1,25314,0
39,6,21,1,1,25315,0
39,7,21,1,1,25316,0
39,8,21,1,1,25317,0
39,9,21,1,1,25318,0
39,10,21,1,1,25319,0
39,11,21,1,1,25320,0
39,12,21,1,1,25321,0
39,13,21,1,1,25322,0
39,14,21,1,1,25323,0
40,15,21,1,1,25324,0
40,16,21,1,1,25325,0
40,17,21,1,1,25326,0
40,18,21,1,1,25327,0
40,19,21,1,1,25328,0
40,20,21,1,1,25329,0
40,21,21,1,1,25330,0
40,22,21,1,1,25331,0
40,23,21,1,1,25332,0
40,24,21,1,1,25333,0
40,25,21,1,1,25334,0
40,26,21,1,1,25335,0
40,27,21,1,1,25336,0
40,28,21,1,1,25337,0
40,29,21,1,1,25338,0
40,30,21,1,1,25339,0
40,31,21,1,1,25340,0
40,32,21,1,1,25341,0
40,33,21,1,1,25342,0
40,34,21,1,1,25343,0
40,35,21,1,1,25344,0
40,36,21,1,1,25345,0
40,37,21,1,1,25346,0
40,38,21,1,1,25347,0
40,39,21,1,1,25348,0
40,40,21,1,1,25349,0
40,41,21,1,1,25350,0
40,42,21,1,1,25351,0
40,43,21,1,2,25351,0
40,44,21,1,2,25352,0
40,45,21,1,2,25353,0
40,46,21,1,2,25354,0
40,47,21,1,2,25355,0
40,48,21,1,2,25356,0
40,49,21,1,2,25357,0
40,50,21,1,2,25358,0
40,51,21,1,2,25359,0
40,52,21,1,2,25360,0
40,53,21,1,2,25361,0
40,54,21,1,2,25362,0
40,55,21,1,2,25363,0
40,56,21,1,2,25364,0
40,57,21,1,2,25365,0
40,59,40,2,2,25366,0
40,60,40,2,2,25367,0
40,61,40,2,2,25368,0
40,62,40,2,2,25369,0
40,63,40,2,2,25370,0
40,64,40,2,2,25371,0
40,65,40,2,2,25372,0
40,66,40,2,2,25373,0
40,67,40,2,2,25374,0
41,68,40,2,2,25375,0
41,69,40,2,2,25376,0
41,70,40,2,2,25377,0
41,71,40,2,2,25378,0
41,72,40,2,2,25379,0
41,73,40,2,2,25380,0
41,74,40,2,2,25381,0
41,75,40,2,2,25382,0
41,76,40,2,2,25383,0
41,77,40,2,2,25384,0
41,78,40,2,2,25385,0
41,79,40,2,2,25386,0
41,80,40,2,2,25387,0
41,81,40,2,2,25388,0
41,82,40,2,2,25389,0
41,83,40,2,2,25390,0
41,84,40,2,2,25391,0
41,85,40,2,2,25392,0
41,86,40,2,2,25393,0
41,87,40,2,2,25394,0
41,88,40,2,2,25395,0
41,89,40,2,2,25396,0
41,90,40,2,2,25397,0
41,91,40,2,2,25398,0
70,92,40,2,2,25399,0
100,93,40,2,2,25400,0
100,94,40,2,2,25401,0
100,95,40,2,2,25402,0
100,96,40,2,2,25403,0
120,97,40,2,2,25404,0
120,98,40,2,2,25405,0
139,99,40,2,2,25406,0
139,100,40,2,2,25407,0
142,101,40,2,2,25408,0
142,102,40,2,2,25409,0
142,103,40,2,2,25410,0
142,104,40,2,2,25411,0
142,105,40,2,2,25412,0
142,106,40,2,2,25413,0
142,107,40,2,2,25414,0
143,108,40,2,2,25415,0
143,109,40,2,2,25416,0
143,110,40,2,2,25417,0
143,111,40,2,2,25418,0
143,112,40,2,2,25419,0
143,113,40,2,2,25420,0
143,114,40,2,2,25421,0
143,115,40,2,2,25422,0
143,116,40,2,2,25423,0
143,117,40,2,2,25424,0
143,118,40,2,2,25425,0
143,119,40,2,2,25426,0
143,120,40,2,2,25427,0
143,121,40,2,2,25428,0
143,122,40,2,3,25428,0
143,123,40,2,3,25429,0
143,124,40,2,3,25430,0
143,125,40,2,3,25431,0
143,126,40,2,3,25432,0
143,127,40,2,3,25433,0
143,128,40,2,3,25434,0
143,129,40,2,3,25435,0
143,130,40,2,3,25436,0
143,131,40,2,3,25437,0
143,132,40,2,3,25438,0
143,133,40,2,3,25439,0
143,134,40,2,3,25440,0
143,135,40,2,3,25441,0
143,136,40,2,3,25442,0
143,137,40,2,3,25443,0
143,139,143,3,3,25444,0
143,140,143,3,3,25445,0
143,141,143,3,3,25446,0
143,142,143,3,3,25447,0
143,143,143,3,3,25448,0
143,144,143,3,3,25449,0
143,145,143,3,3,25450,0
143,146,143,3,4,25450,0
143,147,143,3,4,25451,0
143,148,143,3,4,25452,0
143,149,143,3,4,25453,0
143,150,143,3,4,25454,0
143,151,143,3,4,25455,0
143,152,143,3,4,25456,0
143,153,143,3,4,25457,0
143,154,143,3,4,25458,0
143,155,143,3,4,25459,0
143,156,143,3,4,25460,0
143,157,143,3,4,25461,0
143,158,143,3,4,25462,0
143,159,143,3,4,25463,0
143,160,143,3,4,25464,0
143,162,143,4,4,25465,0
143,163,143,4,4,25466,0
143,164,143,4,4,25467,0
143,165,143,4,4,25468,0
143,166,143,4,4,25469,0
143,167,143,4,4,25470,0
143,168,143,4,4,25471,0
143,169,143,4,4,25472,0
143,170,143,4,4,25473,0
143,171,143,4,4,25474,0
143,172,143,4,4,25475,0
143,173,143,4,4,25476,0
143,174,143,4,4,25477,0
143,175,143,4,4,25478,0
143,176,143,4,4,25479,0
143,177,143,4,4,25480,0
143,178,143,4,4,25481,0
143,179,143,4,4,25482,0
143,180,143,4,4,25483,0
143,181,143,4,4,25484,0
143,182,143,4,4,25485,0
143,183,143,4,4,25486,0
143,184,143,4,4,25487,0
143,185,143,4,4,25488,0
143,186,143,4,4,25489,0
143,187,143,4,4,25490,0
180,188,143,4,4,25491,0
220,189,143,4,4,25492,0
220,190,143,4,4,25493,0
220,191,143,4,4,25494,0
220,192,143,4,4,25495,0
239,193,143,4,4,25496,0
239,194,143,4,4,25497,0
239,195,143,4,4,25498,0
239,196,143,4,4,25499,0
260,197,143,4,4,25500,0
260,198,143,4,4,25501,0
260,199,143,4,5,25501,0
260,200,143,4,5,25502,0
260,201,143,4,5,25503,0
260,202,143,4,5,25504,0
260,203,143,4,5,25505,0
260,204,143,4,5,25506,0
260,205,143,4,5,25507,0
260,206,143,4,5,25508,0
260,207,143,4,5,25509,0
260,208,143,4,5,25510,0
260,209,143,4,6,25510,0
260,210,143,4,6,25511,0
260,211,143,4,6,25512,0
260,212,143,4,6,25513,0
260,213,143,4,6,25514,0
260,214,143,4,6,25515,0
260,215,143,4,6,25516,0
260,216,143,4,6,25517,0
260,217,143,4,6,25518,0
260,218,143,4,6,25519,0
260,219,143,4,6,25520,0
260,221,260,5,6,25521,0
260,222,260,5,6,25522,0
260,223,260,5,6,25523,0
260,224,260,5,6,25524,0
260,225,260,5,6,25525,0
260,227,260,6,6,25526,0
260,228,260,6,6,25527,0
260,229,260,6,6,25528,0
260,230,260,6,6,25529,0
260,231,260,6,6,25530,0
260,232,260,6,6,25531,0
260,233,260,6,6,25532,0
260,234,260,6,6,25533,0
260,235,260,6,6,25534,0
260,236,260,6,6,25535,0
260,237,260,6,6,25536,0
260,238,260,6,6,25537,0
260,239,260,6,6,25538,0
260,240,260,6,6,25539,0
260,241,260,6,6,25540,0
260,242,260,6,6,25541,0
260,243,260,6,6,25542,0
260,244,260,6,6,25543,0
260,245,260,6,6,25544,0
260,246,260,6,6,25545,0
260,247,260,6,6,25546,0
260,248,260,6,6,25547,0
260,249,260,6,6,25548,0
260,250,260,6,6,25549,0
260,251,260,6,6,25550,0
260,252,260,6,6,25551,0
260,253,260,6,6,25552,0
260,254,260,6,6,25553,0
260,255,260,6,6,25554,0
260,256,260,6,6,25555,0
260,257,260,6,6,25556,0
260,258,260,6,6,25557,0
260,259,260,6,6,25558,0
260,260,260,6,6,25559,0
260,261,260,6,6,25560,0
260,262,260,6,6,25561,0
260,263,260,6,6,25562,0
260,264,260,6,6,25563,0
260,265,260,6,6,25564,0
260,266,260,6,7,25564,0
260,267,260,6,7,25565,0
260,268,260,6,7,25566,0
260,269,260,6,7,25567,0
260,270,260,6,8,25567,0
260,271,260,6,8,25568,0
260,272,260,6,8,25569,0
260,273,260,6,8,25570,0
260,274,260,6,8,25571,0
260,275,260,6,8,25572,0
260,276,260,6,9,25572,0
260,277,260,6,9,25573,0
260,278,260,6,9,25574,0
260,280,260,7,9,25575,0
260,281,260,7,9,25576,0
260,282,260,7,9,25577,0
260,283,260,7,9,25578,0
260,284,260,7,9,25579,0
300,287,260,9,9,25580,0
339,288,260,9,9,25581,0
339,289,260,9,9,25582,0
339,290,260,9,9,25583,0
339,291,260,9,9,25584,0
360,292,260,9,9,25585,0
360,293,260,9,9,25586,0
360,294,260,9,9,25587,0
360,295,260,9,9,25588,0
361,296,260,9,9,25589,0
361,297,260,9,9,25590,0
361,298,260,9,9,25591,0
361,299,260,9,9,25592,0
361,300,260,9,9,25593,0
361,301,260,9,9,25594,0
361,302,260,9,9,25595,0
361,303,260,9,9,25596,0
361,304,260,9,9,25597,0
361,305,260,9,9,25598,0
361,306,260,9,9,25599,0
361,307,260,9,9,25600,0
362,308,260,9,9,25601,0
362,309,260,9,10,25601,0
362,310,260,9,10,25602,0
362,311,260,9,10,25603,0
362,312,260,9,10,25604,0
362,313,260,9,10,25605,0
362,314,260,9,10,25606,0
362,315,260,9,10,25607,0
362,316,260,9,10,25608,0
362,317,260,9,10,25609,0
362,318,260,9,10,25610,0
362,319,260,9,10,25611,0
362,320,260,9,10,25612,0
362,321,260,9,10,25613,0
362,322,260,9,10,25614,0
362,323,260,9,10,25615,0
362,324,260,9,10,25616,0
362,325,260,9,10,25617,0
362,326,260,9,10,25618,0
362,327,260,9,10,25619,0
362,328,260,9,10,25620,0
362,329,260,9,10,25621,0
362,330,260,9,10,25622,0
362,331,260,9,10,25623,0
362,332,260,9,10,25624,0
362,333,260,9,10,25625,0
362,335,362,10,10,25626,0
362,336,362,10,10,25627,0
362,337,362,10,10,25628,0
362,338,362,10,10,25629,0
362,339,362,10,10,25630,0
362,340,362,10,10,25631,0
362,341,362,10,10,25632,0
362,342,362,10,10,25633,0
362,343,362,10,10,25634,0
362,344,362,10,10,25635,0
362,345,362,10,10,25636,0
362,346,362,10,10,25637,0
362,347,362,10,10,25638,0
362,348,362,10,10,25639,0
362,349,362,10,10,25640,0
362,350,362,10,11,25640,0
362,351,362,10,11,25641,0
362,352,362,10,11,25642,0
362,353,362,10,11,25643,0
362,354,362,10,11,25644,0
362,355,362,10,11,25645,0
362,356,362,10,11,25646,0
362,358,362,11,11,25647,0
362,359,362,11,11,25648,0
362,360,362,11,11,25649,0
362,361,362,11,11,25650,0
362,362,362,11,11,25651,0
362,363,362,11,11,25652,0
362,364,362,11,11,25653,0
363,365,362,11,11,25654,0
363,366,362,11,11,25655,0
363,367,362,11,11,25656,0
363,368,362,11,11,25657,0
363,369,362,11,11,25658,0
363,370,362,11,11,25659,0
363,371,362,11,11,25660,0
363,372,362,11,11,25661,0
363,373,362,11,11,25662,0
363,374,362,11,11,25663,0
363,375,362,11,11,25664,0
363,376,362,11,11,25665,0
363,377,362,11,11,25666,0
363,378,362,11,11,25667,0
363,379,362,11,11,25668,0
363,380,362,11,11,25669,0
363,381,362,11,11,25670,0
363,382,362,11,11,25671,0
400,383,362,11,11,25672,0
439,384,362,11,11,25673,0
439,385,362,11,11,25674,0
439,386,362,11,11,25675,0
439,387,362,11,11,25676,0
480,388,362,11,11,25677,0
480,389,362,11,11,25678,0
480,390,362,11,11,25679,0
480,391,362,11,11,25680,0
480,392,362,11,11,25681,0
480,393,362,11,11,25682,0
480,394,362,11,11,25683,0
480,395,362,11,11,25684,0
480,396,362,11,11,25685,0
480,397,362,11,11,25686,0
480,398,362,11,11,25687,0
480,399,362,11,11,25688,0
480,400,362,11,11,25689,0
480,401,362,11,11,25690,0
480,402,362,11,11,25691,0
480,403,362,11,11,25692,0
480,404,362,11,11,25693,0
480,405,362,11,11,25694,0
480,406,362,11,11,25695,0
480,407,362,11,11,25696,0
480,408,362,11,11,25697,0
480,409,362,11,11,25698,0
480,410,362,11,11,25699,0
480,411,362,11,11,25700,0
480,412,362,11,11,25701,0
480,413,362,11,11,25702,0
480,414,362,11,11,25703,0
480,415,362,11,11,25704,0
480,416,362,11,11,25705,0
480,417,362,11,11,25706,0
480,418,362,11,11,25707,0
480,419,362,11,11,25708,0
480,420,362,11,11,25709,0
480,421,362,11,11,25710,0
480,422,362,11,11,25711,0
480,423,362,11,11,25712,0
480,424,362,11,11,25713,0
480,425,362,11,11,25714,0
480,426,362,11,11,25715,0
480,427,362,11,11,25716,0
480,428,362,11,11,25717,0
480,429,362,11,11,25718,0
480,430,362,11,11,25719,0
480,431,362,11,11,25720,0
480,432,362,11,11,25721,0
480,433,362,11,11,25722,0
480,434,362,11,11,25723,0
480,435,362,11,11,25724,0
480,436,362,11,11,25725,0
480,437,362,11,11,25726,0
480,438,362,11,11,25727,0
480,439,362,11,11,25728,0
480,440,362,11,11,25729,0
480,441,362,11,11,25730,0
480,442,362,11,11,25731,0
480,443,362,11,11,25732,0
480,444,362,11,11,25733,0
480,445,362,11,11,25734,0
480,446,362,11,11,25735,0
480,447,362,11,11,25736,0
480,448,362,11,11,25737,0
480,449,362,11,11,25738,0
480,450,362,11,11,25739,0
480,451,362,11,11,25740,0
480,452,362,11,11,25741,0
480,453,362,11,11,25742,0
480,454,362,11,11,25743,0
480,455,362,11,11,25744,0
480,456,362,11,11,25745,0
480,457,362,11,11,25746,0
480,458,362,11,11,25747,0
480,459,362,11,11,25748,0
480,460,362,11,11,25749,0
480,461,362,11,11,25750,0
480,462,362,11,11,25751,0
480,463,362,11,11,25752,0
480,464,362,11,11,25753,0
480,465,362,11,11,25754,0
480,466,362,11,11,25755,0
480,467,362,11,11,25756,0
480,468,362,11,11,25757,0
480,469,362,11,11,25758,0
480,470,362,11,11,25759,0
480,471,362,11,11,25760,0
480,472,362,11,11,25761,0
480,473,362,11,11,25762,0
480,474,362,11,11,25763,0
480,475,362,11,11,25764,0
480,476,362,11,11,25765,0
480,477,362,11,11,25766,0
480,478,362,11,11,25767,0
500,479,362,11,11,25768,0
540,480,362,11,11,25769,0
540,481,362,11,11,25770,0
540,482,362,11,11,25771,0
540,483,362,11,11,25772,0
601,484,362,11,11,25773,0
601,485,362,11,11,25774,0
601,486,362,11,11,25775,0
601,487,362,11,11,25776,0
601,488,362,11,11,25777,0
601,489,362,11,11,25778,0
601,490,362,11,11,25779,0
601,491,362,11,11,25780,0
601,492,362,11,11,25781,0
601,493,362,11,11,25782,0
601,494,362,11,11,25783,0
601,495,362,11,11,25784,0
601,496,362,11,11,25785,0
601,497,362,11,11,25786,0
601,498,362,11,11,25787,0
601,499,362,11,11,25788,0
601,500,362,11,11,25789,0
601,501,362,11,11,25790,0
601,502,362,11,11,25791,0
601,503,362,11,11,25792,0
601,504,362,11,11,25793,0
601,505,362,11,11,25794,0
601,506,362,11,11,25795,0
601,507,362,11,11,25796,0
601,508,362,11,11,25797,0
601,509,362,11,11,25798,0
601,510,362,11,11,25799,0
601,511,362,11,11,25800,0
601,512,362,11,11,25801,0
601,513,362,11,11,25802,0
601,514,362,11,11,25803,0
601,515,362,11,11,25804,0
601,516,362,11,11,25805,0
601,517,362,11,11,25806,0
601,518,362,11,11,25807,0
601,519,362,11,11,25808,0
601,520,362,11,11,25809,0
601,521,362,11,11,25810,0
601,522,362,11,11,25811,0
601,523,362,11,11,25812,0
601,524,362,11,11,25813,0
601,525,362,11,11,25814,0
601,526,362,11,11,25815,0
601,527,362,11,11,25816,0
601,528,362,11,11,25817,0
601,529,362,11,11,25818,0
601,530,362,11,11,25819,0
601,531,362,11,11,25820,0
601,532,362,11,11,25821,0
601,533,362,11,11,25822,0
601,534,362,11,11,25823,0
601,535,362,11,11,25824,0
601,536,362,11,11,25825,0
601,537,362,11,11,25826,0
601,538,362,11,11,25827,0
601,539,362,11,11,25828,0
601,540,362,11,11,25829,0
601,541,362,11,11,25830,0
601,542,362,11,11,25831,0
601,543,362,11,11,25832,0
601,544,362,11,11,25833,0
601,545,362,11,11,25834,0
601,546,362,11,11,25835,0
601,547,362,11,11,25836,0
601,548,362,11,11,25837,0
601,549,362,11,11,25838,0
601,550,362,11,11,25839,0
601,551,362,11,11,25840,0
601,552,362,11,11,25841,0
601,553,362,11,11,25842,0
601,554,362,11,11,25843,0
601,555,362,11,11,25844,0
601,556,362,11,11,25845,0
601,557,362,11,11,25846,0
601,558,362,11,11,25847,0
601,559,362,11,11,25848,0
601,560,362,11,11,25849,0
601,561,362,11,11,25850,0
601,562,362,11,11,25851,0
601,563,362,11,11,25852,0
601,564,362,11,11,25853,0
601,565,362,11,11,25854,0
601,566,362,11,11,25855,0
601,567,362,11,11,25856,0
601,568,362,11,11,25857,0
601,569,362,11,11,25858,0
601,570,362,11,11,25859,0
601,571,362,11,11,25860,0
601,572,362,11,11,25861,0
601,573,362,11,11,25862,0
601,574,362,11,11,25863,0
601,575,362,11,11,25864,0
601,576,362,11,11,25865,0
661,577,362,11,11,25866,0
661,578,362,11,11,25867,0
661,579,362,11,11,25868,0
661,580,362,11,11,25869,0
702,581,362,11,11,25870,0
702,582,362,11,11,25871,0
702,583,362,11,11,25872,0
702,584,362,11,11,25873,0
702,585,362,11,11,25874,0
702,586,362,11,11,25875,0
702,587,362,11,11,25876,0
702,588,362,11,11,25877,0
702,589,362,11,11,25878,0
702,590,362,11,11,25879,0
702,591,362,11,11,25880,0
702,592,362,11,11,25881,0
702,593,362,11,11,25882,0
702,594,362,11,11,25883,0
702,595,362,11,11,25884,0
702,596,362,11,11,25885,0
702,597,362,11,11,25886,0
702,598,362,11,11,25887,0
702,599,362,11,11,25888,0
702,600,362,11,11,25889,0
702,601,362,11,11,25890,0
702,602,362,11,11,25891,0
702,603,362,11,11,25892,0
702,604,362,11,11,25893,0
702,605,362,11,12,25893,0
702,606,362,11,12,25894,0
702,607,362,11,12,25895,0
702,608,362,11,12,25896,0
702,609,362,11,12,25897,0
702,610,362,11,12,25898,0
702,612,702,12,12,25899,0
702,613,702,12,12,25900,0
702,614,702,12,12,25901,0
702,615,702,12,12,25902,0
702,616,702,12,12,25903,0
702,617,702,12,12,25904,0
702,618,702,12,12,25905,0
702,619,702,12,12,25906,0
702,620,702,12,12,25907,0
702,621,702,12,12,25908,0
702,622,702,12,12,25909,0
702,623,702,12,12,25910,0
702,624,702,12,12,25911,0
702,625,702,12,12,25912,0
702,626,702,12,12,25913,0
702,627,702,12,12,25914,0
702,628,702,12,12,25915,0
702,629,702,12,12,25916,0
702,630,702,12,12,25917,0
702,631,702,12,12,25918,0
702,632,702,12,12,25919,0
702,633,702,12,12,25920,0
702,634,702,12,12,25921,0
702,635,702,12,12,25922,0
702,636,702,12,12,25923,0
702,637,702,12,12,25924,0
702,638,702,12,12,25925,0
702,639,702,12,12,25926,0
702,640,702,12,12,25927,0
702,641,702,12,12,25928,0
702,642,702,12,12,25929,0
702,643,702,12,12,25930,0
702,644,702,12,12,25931,0
702,645,702,12,12,25932,0
702,646,702,12,12,25933,0
702,647,702,12,12,25934,0
702,648,702,12,12,25935,0
702,649,702,12,12,25936,0
702,650,702,12,12,25937,0
702,651,702,12,12,25938,0
702,652,702,12,12,25939,0
702,653,702,12,12,25940,0
702,654,702,12,12,25941,0
702,655,702,12,12,25942,0
703,656,702,12,12,25943,0
703,657,702,12,12,25944,0
703,658,702,12,12,25945,0
703,659,702,12,12,25946,0
703,660,702,12,12,25947,0
703,661,702,12,12,25948,0
703,662,702,12,12,25949,0
703,663,702,12,12,25950,0
703,664,702,12,12,25951,0
703,665,702,12,12,25952,0
703,666,702,12,12,25953,0
703,667,702,12,12,25954,0
703,668,702,12,12,25955,0
703,669,702,12,12,25956,0
703,670,702,12,12,25957,0
703,671,702,12,12,25958,0
703,672,702,12,12,25959,0
703,673,702,12,12,25960,0
703,674,702,12,12,25961,0
780,675,702,12,12,25962,0
780,676,702,12,12,25963,0
780,677,702,12,12,25964,0
780,678,702,12,12,25965,0
820,679,702,12,12,25966,0
820,680,702,12,12,25967,0
820,681,702,12,12,25968,0
820,682,702,12,12,25969,0
820,683,702,12,12,25970,0
820,684,702,12,12,25971,0
820,685,702,12,12,25972,0
820,686,702,12,12,25973,0
820,687,702,12,12,25974,0
820,688,702,12,12,25975,0
820,689,702,12,12,25976,0
820,690,702,12,12,25977,0
820,691,702,12,12,25978,0
820,692,702,12,12,25979,0
820,693,702,12,12,25980,0
820,694,702,12,12,25981,0
820,695,702,12,13,25981,0
820,696,702,12,13,25982,0
820,697,702,12,13,25983,0
820,698,702,12,13,25984,0
820,699,702,12,13,25985,0
820,700,702,12,13,25986,0
820,701,702,12,13,25987,0
820,702,702,12,13,25988,0
820,703,702,12,13,25989,0
820,704,702,12,13,25990,0
820,705,702,12,14,25990,0
820,706,702,12,14,25991,0
820,707,702,12,14,25992,0
820,708,702,12,14,25993,0
820,710,820,13,14,25994,0
820,711,820,13,15,25994,0
820,712,820,13,15,25995,0
820,713,820,13,15,25996,0
822,716,822,15,15,25997,0
822,717,822,15,15,25998,0
822,719,822,16,15,25999,0
822,720,822,16,15,26000,0
822,721,822,16,15,26001,0
822,722,822,16,15,26002,0
822,723,822,16,15,26003,0
822,724,822,16,15,26004,0
822,725,822,16,16,26004,0
822,726,822,16,16,26005,0
822,727,822,16,17,26005,0
822,728,822,16,17,26006,0
822,729,822,16,17,26007,0
822,730,822,16,17,26008,0
822,731,822,16,17,26009,0
822,732,822,16,17,26010,0
822,733,822,16,17,26011,0
822,734,822,16,17,26012,0
822,736,822,17,17,26013,0
822,737,822,17,17,26014,0
822,739,822,18,17,26015,0
822,740,822,18,17,26016,0
822,741,822,18,17,26017,0
822,742,822,18,18,26017,0
822,743,822,18,18,26018,0
822,744,822,18,18,26019,0
822,745,822,18,18,26020,0
822,746,822,18,18,26021,0
822,747,822,18,19,26021,0
822,748,822,18,19,26022,0
822,749,822,18,19,26023,0
822,750,822,18,19,26024,0
822,751,822,18,19,26025,0
822,752,822,18,19,26026,0
822,754,822,19,19,26027,0
822,755,822,19,19,26028,0
822,756,822,19,19,26029,0
822,758,822,20,19,26030,0
822,759,822,20,19,26031,0
822,760,822,20,19,26032,0
822,761,822,20,19,26033,0
822,762,822,20,19,26034,0
822,763,822,20,19,26035,0
822,764,822,20,19,26036,0
822,765,822,20,20,26036,0
822,766,822,20,20,26037,0
822,767,822,20,20,26038,0
822,768,822,20,20,26039,0
822,769,822,20,20,26040,0
822,770,822,20,20,26041,0
822,771,822,20,20,26042,0
822,772,822,20,20,26043,0
822,773,822,20,20,26044,0
822,774,822,20,20,26045,0
822,775,822,20,20,26046,0
822,776,822,20,20,26047,0
822,777,822,20,20,26048,0
822,778,822,20,21,26048,0
880,781,822,22,21,26049,0
880,782,822,22,21,26050,0
880,783,822,22,22,26050,0
880,784,822,22,22,26051,0
920,786,880,23,22,26052,0
920,787,880,23,22,26053,0
941,788,880,23,22,26054,0
941,789,880,23,23,26054,0
941,790,880,23,23,26055,0
941,791,880,23,23,26056,0
941,792,880,23,23,26057,0
941,793,880,23,24,26057,0
941,794,880,23,24,26058,0
941,795,880,23,24,26059,0
941,796,880,23,24,26060,0
941,797,880,23,24,26061,0
941,798,880,23,24,26062,0
941,799,880,23,24,26063,0
941,800,880,23,24,26064,0
941,801,880,23,24,26065,0
942,802,880,23,24,26066,0
942,803,880,23,24,26067,0
942,804,880,23,25,26067,0
942,806,942,24,25,26068,0
942,807,942,24,25,26069,0
942,808,942,24,25,26070,0
942,809,942,24,25,26071,0
942,810,942,24,25,26072,0
942,811,942,24,25,26073,0
942,812,942,24,26,26073,0
942,813,942,24,26,26074,0
942,814,942,24,26,26075,0
942,815,942,24,26,26076,0
942,816,942,24,26,26077,0
942,817,942,24,27,26077,0
942,818,942,24,27,26078,0
942,819,942,24,27,26079,0
942,820,942,24,27,26080,0
942,821,942,24,27,26081,0
942,822,942,24,27,26082,0
942,823,942,24,27,26083,0
942,824,942,24,27,26084,0
942,825,942,24,27,26085,0
942,826,942,24,27,26086,0
942,827,942,24,27,26087,0
942,829,942,25,27,26088,0
942,830,942,25,27,26089,0
942,831,942,25,27,26090,0
942,832,942,25,27,26091,0
942,833,942,25,27,26092,0
942,835,942,26,27,26093,0
942,836,942,26,27,26094,0
942,839,942,28,27,26095,0
942,840,942,28,27,26096,0
942,841,942,28,27,26097,0
942,842,942,28,27,26098,0
942,843,942,28,27,26099,0
942,844,942,28,27,26100,0
942,845,942,28,27,26101,0
942,846,942,28,27,26102,0
942,847,942,28,27,26103,0
942,848,942,28,27,26104,0
942,849,942,28,27,26105,0
942,850,942,28,27,26106,0
942,851,942,28,27,26107,0
942,852,942,28,27,26108,0
942,853,942,28,27,26109,0
942,854,942,28,27,26110,0
942,855,942,28,27,26111,0
942,856,942,28,27,26112,0
942,857,942,28,27,26113,0
942,858,942,28,27,26114,0
942,859,942,28,27,26115,0
942,860,942,28,27,26116,0
942,861,942,28,27,26117,0
942,862,942,28,27,26118,0
942,863,942,28,27,26119,0
942,864,942,28,27,26120,0
942,865,942,28,27,26121,0
942,866,942,28,27,26122,0
942,867,942,28,27,26123,0
942,868,942,28,27,26124,0
942,869,942,28,27,26125,0
942,870,942,28,27,26126,0
942,871,942,28,27,26127,0
942,872,942,28,27,26128,0
942,873,942,28,27,26129,0
942,874,942,28,27,26130,0
942,875,942,28,27,26131,0
942,876,942,28,27,26132,0
942,877,942,28,27,26133,0
942,878,942,28,27,26134,0
942,879,942,28,27,26135,0
942,880,942,28,28,26135,0
942,881,942,28,28,26136,0
942,882,942,28,28,26137,0
1000,884,942,29,28,26138,0
1000,885,942,29,28,26139,0
1000,886,942,29,28,26140,0
1000,887,942,29,28,26141,0
1021,888,942,29,28,26142,0
1021,889,942,29,28,26143,0
1040,890,942,29,28,26144,0
1040,891,942,29,28,26145,0
1060,892,942,29,28,26146,0
1060,893,942,29,28,26147,0
1060,894,942,29,28,26148,0
1060,895,942,29,28,26149,0
1060,896,942,29,28,26150,0
1060,897,942,29,28,26151,0
1060,898,942,29,28,26152,0
1060,899,942,29,28,26153,0
1060,900,942,29,28,26154,0
1060,901,942,29,28,26155,0
1060,902,942,29,28,26156,0
1060,903,942,29,28,26157,0
1060,904,942,29,28,26158,0
1060,905,942,29,28,26159,0
1060,906,942,29,28,26160,0
1060,907,942,29,28,26161,0
1060,908,942,29,28,26162,0
1060,909,942,29,28,26163,0
1060,910,942,29,28,26164,0
1060,911,942,29,28,26165,0
1060,912,942,29,28,26166,0
1060,913,942,29,28,26167,0
1060,914,942,29,28,26168,0
1060,915,942,29,28,26169,0
1060,916,942,29,28,26170,0
1060,917,942,29,28,26171,0
1060,918,942,29,28,26172,0
1060,919,942,29,28,26173,0
1060,920,942,29,28,26174,0
1060,921,942,29,28,26175,0
1060,922,942,29,28,26176,0
1060,923,942,29,28,26177,0
1060,924,942,29,28,26178,0
1060,925,942,29,28,26179,0
1060,926,942,29,28,26180,0
1060,927,942,29,28,26181,0
1060,928,942,29,28,26182,0
1060,929,942,29,28,26183,0
1060,930,942,29,28,26184,0
1060,931,942,29,28,26185,0
1060,932,942,29,28,26186,0
1060,933,942,29,28,26187,0
1060,934,942,29,28,26188,0
1060,935,942,29,28,26189,0
1060,936,942,29,28,26190,0
1060,937,942,29,28,26191,0
1060,938,942,29,28,26192,0
1060,939,942,29,28,26193,0
1060,940,942,29,28,26194,0
1060,942,1060,30,28,26195,0
1060,943,1060,30,28,26196,0
1060,944,1060,30,28,26197,0
1060,945,1060,30,28,26198,0
1060,946,1060,30,28,26199,0
1060,947,1060,30,28,26200,0
1060,948,1060,30,28,26201,0
1060,949,1060,30,28,26202,0
1060,950,1060,30,28,26203,0
1060,951,1060,30,28,26204,0
1060,952,1060,30,28,26205,0
1060,953,1060,30,29,26205,0
1060,954,1060,30,29,26206,0
1060,955,1060,30,30,26206,0
1060,956,1060,30,30,26207,0
1060,957,1060,30,30,26208,0
1060,958,1060,30,30,26209,0
1060,959,1060,30,30,26210,0
1060,960,1060,30,30,26211,0
1060,961,1060,30,30,26212,0
1060,962,1060,30,30,26213,0
1060,963,1060,30,30,26214,0
1060,965,1060,31,30,26215,0
1060,966,1060,31,30,26216,0
1060,967,1060,31,30,26217,0
1060,968,1060,31,30,26218,0
1060,969,1060,31,30,26219,0
1060,970,1060,31,30,26220,0
1060,971,1060,31,31,26220,0
1060,972,1060,31,31,26221,0
1060,973,1060,31,31,26222,0
1060,974,1060,31,31,26223,0
1060,975,1060,31,31,26224,0
1060,976,1060,31,31,26225,0
1060,977,1060,31,31,26226,0
1060,978,1060,31,31,26227,0
1060,979,1060,31,31,26228,0
1060,980,1060,31,31,26229,0
1120,982,1060,32,31,26230,0
1120,983,1060,32,31,26231,0
1120,984,1060,32,31,26232,0
1120,985,1060,32,31,26233,0
1120,986,1060,32,31,26234,0
1120,987,1060,32,31,26235,0
1140,988,1060,32,31,26236,0
1140,989,1060,32,31,26237,0
1180,990,1060,32,31,26238,0
1180,991,1060,32,31,26239,0
1180,992,1060,32,31,26240,0
1180,993,1060,32,31,26241,0
1180,994,1060,32,31,26242,0
1180,995,1060,32,31,26243,0
1180,996,1060,32,31,26244,0
1180,997,1060,32,31,26245,0
1180,998,1060,32,31,26246,0
1180,999,1060,32,31,26247,0
1180,1000,1060,32,31,26248,0
1180,1001,1060,32,31,26249,0
1180,1002,1060,32,31,26250,0
1180,1003,1060,32,31,26251,0
1180,1004,1060,32,31,26252,0
1180,1005,1060,32,31,26253,0
1180,1006,1060,32,31,26254,0
1180,1007,1060,32,31,26255,0
1180,1008,1060,32,31,26256,0
1180,1009,1060,32,31,26257,0
1180,1010,1060,32,31,26258,0
1180,1011,1060,32,31,26259,0
1180,1012,1060,32,31,26260,0
1180,1013,1060,32,32,26260,0
1180,1014,1060,32,32,26261,0
1180,1015,1060,32,32,26262,0
1180,1016,1060,32,32,26263,0
1180,1017,1060,32,32,26264,0
1180,1019,1180,33,32,26265,0
1180,1020,1180,33,32,26266,0
1180,1021,1180,33,33,26266,0
1180,1022,1180,33,33,26267,0
1180,1023,1180,33,33,26268,0
1180,1024,1180,33,33,26269,0
1180,1025,1180,33,33,26270,0
1180,1026,1180,33,33,26271,0
1180,1027,1180,33,33,26272,0
1180,1028,1180,33,33,26273,0
1180,1029,1180,33,33,26274,0
1180,1030,1180,33,33,26275,0
1180,1031,1180,33,34,26275,0
1180,1032,1180,33,34,26276,0
1180,1033,1180,33,34,26277,0
1180,1034,1180,33,34,26278,0
1180,1035,1180,33,34,26279,0
1180,1036,1180,33,34,26280,0
1180,1037,1180,33,34,26281,0
1180,1039,1180,34,34,26282,0
1180,1040,1180,34,34,26283,0
1180,1042,1180,35,34,26284,0
1180,1043,1180,35,34,26285,0
1180,1044,1180,35,34,26286,0
1180,1045,1180,35,34,26287,0
1180,1046,1180,35,34,26288,0
1180,1047,1180,35,34,26289,0
1180,1048,1180,35,34,26290,0
1180,1049,1180,35,34,26291,0
1180,1050,1180,35,34,26292,0
1180,1051,1180,35,34,26293,0
1180,1052,1180,35,34,26294,0
1180,1053,1180,35,34,26295,0
1180,1054,1180,35,34,26296,0
1180,1055,1180,35,34,26297,0
1180,1056,1180,35,34,26298,0
1180,1057,1180,35,34,26299,0
1180,1058,1180,35,35,26299,0
1180,1059,1180,35,35,26300,0
1180,1060,1180,35,36,26300,0
1180,1061,1180,35,36,26301,0
1180,1062,1180,35,37,26301,0
1180,1065,1180,37,37,26302,0
1180,1066,1180,37,37,26303,0
1180,1068,1180,38,37,26304,0
1180,1069,1180,38,37,26305,0
1180,1070,1180,38,37,26306,0
1180,1071,1180,38,37,26307,0
1180,1072,1180,38,37,26308,0
1180,1073,1180,38,37,26309,0
1180,1074,1180,38,37,26310,0
1180,1075,1180,38,37,26311,0
1180,1076,1180,38,37,26312,0
1180,1077,1180,38,37,26313,0
1180,1078,1180,38,37,26314,0
1180,1079,1180,38,37,26315,0
1180,1080,1180,38,37,26316,0
1180,1081,1180,38,38,26316,0
1180,1082,1180,38,38,26317,0
1221,1084,1180,39,38,26318,0
1221,1085,1180,39,38,26319,0
1221,1086,1180,39,38,26320,0
1221,1087,1180,39,38,26321,0
1221,1088,1180,39,38,26322,0
1221,1089,1180,39,38,26323,0
1241,1090,1180,39,38,26324,0
1241,1091,1180,39,38,26325,0
1280,1092,1180,39,38,26326,0
1300,1093,1180,39,38,26327,0
1300,1094,1180,39,38,26328,0
1300,1095,1180,39,38,26329,0
1300,1096,1180,39,38,26330,0
1300,1097,1180,39,38,26331,0
1300,1098,1180,39,38,26332,0
1300,1099,1180,39,38,26333,0
1300,1100,1180,39,38,26334,0
1300,1101,1180,39,38,26335,0
1300,1102,1180,39,38,26336,0
1300,1103,1180,39,38,26337,0
1300,1104,1180,39,38,26338,0
1300,1105,1180,39,38,26339,0
1300,1106,1180,39,38,26340,0
1300,1107,1180,39,38,26341,0
1300,1108,1180,39,38,26342,0
1300,1109,1180,39,38,26343,0
1300,1110,1180,39,38,26344,0
1300,1111,1180,39,38,26345,0
1300,1112,1180,39,38,26346,0
1300,1113,1180,39,38,26347,0
1300,1114,1180,39,38,26348,0
1300,1115,1180,39,38,26349,0
1300,1116,1180,39,38,26350,0
1300,1117,1180,39,38,26351,0
1300,1118,1180,39,38,26352,0
1300,1119,1180,39,38,26353,0
1300,1120,1180,39,38,26354,0
1300,1121,1180,39,38,26355,0
1300,1122,1180,39,38,26356,0
1300,1123,1180,39,38,26357,0
1300,1124,1180,39,39,26357,0
1300,1125,1180,39,39,26358,0
1300,1126,1180,39,39,26359,0
1300,1127,1180,39,39,26360,0
1300,1128,1180,39,39,26361,0
1300,1129,1180,39,39,26362,0
1300,1130,1180,39,39,26363,0
1300,1132,1300,40,39,26364,0
1300,1133,1300,40,39,26365,0
1300,1134,1300,40,39,26366,0
1300,1135,1300,40,39,26367,0
1300,1136,1300,40,39,26368,0
1300,1137,1300,40,39,26369,0
1300,1138,1300,40,39,26370,0
1300,1139,1300,40,39,26371,0
1300,1140,1300,40,39,26372,0
1300,1141,1300,40,39,26373,0
1300,1142,1300,40,39,26374,0
1300,1143,1300,40,39,26375,0
1300,1144,1300,40,39,26376,0
1300,1145,1300,40,39,26377,0
1300,1146,1300,40,39,26378,0
1300,1147,1300,40,39,26379,0
1300,1148,1300,40,39,26380,0
1300,1149,1300,40,39,26381,0
1300,1150,1300,40,39,26382,0
1300,1151,1300,40,39,26383,0
1300,1152,1300,40,39,26384,0
1300,1154,1300,41,39,26385,0
1300,1155,1300,41,39,26386,0
1300,1156,1300,41,39,26387,0
1300,1157,1300,41,39,26388,0
1300,1158,1300,41,39,26389,0
1300,1159,1300,41,39,26390,0
1300,1160,1300,41,40,26390,0
1300,1161,1300,41,41,26390,0
1300,1162,1300,41,41,26391,0
1300,1164,1300,42,41,26392,0
1300,1165,1300,42,42,26392,0
1300,1166,1300,42,42,26393,0
1300,1167,1300,42,43,26393,0
1300,1168,1300,42,43,26394,0
1300,1169,1300,42,43,26395,0
1300,1170,1300,42,43,26396,0
1300,1171,1300,42,43,26397,0
1300,1172,1300,42,44,26397,0
1300,1174,1300,43,44,26398,0
1300,1176,1300,44,44,26399,0
1300,1177,1300,44,44,26400,0
1300,1179,1300,45,44,26401,0
1300,1180,1300,45,44,26402,0
1300,1181,1300,45,44,26403,0
1300,1182,1300,45,44,26404,0
1340,1184,1300,46,44,26405,0
1340,1185,1300,46,44,26406,0
1340,1186,1300,46,44,26407,0
1340,1187,1300,46,44,26408,0
1340,1188,1300,46,44,26409,0
1340,1189,1300,46,44,26410,0
1360,1190,1300,46,44,26411,0
1360,1191,1300,46,44,26412,0
1380,1192,1300,46,44,26413,0
1401,1193,1300,46,44,26414,0
1401,1194,1300,46,44,26415,0
1401,1195,1300,46,44,26416,0
1401,1196,1300,46,44,26417,0
1401,1197,1300,46,44,26418,0
1401,1198,1300,46,44,26419,0
1401,1199,1300,46,44,26420,0
1402,1200,1300,46,44,26421,0
1402,1201,1300,46,44,26422,0
1402,1202,1300,46,44,26423,0
1402,1203,1300,46,44,26424,0
1402,1204,1300,46,44,26425,0
1402,1205,1300,46,44,26426,0
1402,1206,1300,46,44,26427,0
1402,1207,1300,46,44,26428,0
1402,1208,1300,46,44,26429,0
1402,1209,1300,46,44,26430,0
1402,1210,1300,46,44,26431,0
1402,1211,1300,46,44,26432,0
1402,1212,1300,46,44,26433,0
1402,1213,1300,46,44,26434,0
1402,1214,1300,46,44,26435,0
1402,1215,1300,46,44,26436,0
1402,1216,1300,46,44,26437,0
1402,1217,1300,46,44,26438,0
1402,1218,1300,46,44,26439,0
1402,1220,1402,47,44,26440,0
1402,1221,1402,47,44,26441,0
1402,1222,1402,47,44,26442,0
1402,1223,1402,47,44,26443,0
1402,1224,1402,47,45,26443,0
1402,1225,1402,47,45,26444,0
1402,1226,1402,47,45,26445,0
1402,1227,1402,47,45,26446,0
1402,1229,1402,48,45,26447,0
1402,1230,1402,48,45,26448,0
1402,1231,1402,48,45,26449,0
1402,1232,1402,48,45,26450,0
1402,1233,1402,48,45,26451,0
1402,1234,1402,48,45,26452,0
1402,1235,1402,48,46,26452,0
1402,1236,1402,48,46,26453,0
1402,1237,1402,48,46,26454,0
1402,1238,1402,48,46,26455,0
1402,1239,1402,48,46,26456,0
1402,1240,1402,48,46,26457,0
1402,1241,1402,48,46,26458,0
1402,1242,1402,48,46,26459,0
1402,1243,1402,48,46,26460,0
1402,1244,1402,48,46,26461,0
1402,1245,1402,48,46,26462,0
1402,1246,1402,48,46,26463,0
1402,1247,1402,48,46,26464,0
1402,1248,1402,48,47,26464,0
1402,1249,1402,48,47,26465,0
1402,1250,1402,48,47,26466,0
1402,1252,1402,49,47,26467,0
1402,1253,1402,49,47,26468,0
1402,1254,1402,49,48,26468,0
1402,1255,1402,49,48,26469,0
1402,1256,1402,49,48,26470,0
1402,1257,1402,49,48,26471,0
1402,1258,1402,49,48,26472,0
1402,1259,1402,49,48,26473,0
1402,1260,1402,49,48,26474,0
1403,1261,1402,49,48,26475,0
1403,1262,1402,49,48,26476,0
1403,1263,1402,49,48,26477,0
1403,1264,1402,49,48,26478,0
1403,1265,1402,49,48,26479,0
1403,1266,1402,49,48,26480,0
1403,1267,1402,49,48,26481,0
1403,1268,1402,49,48,26482,0
1403,1269,1402,49,48,26483,0
1403,1270,1402,49,48,26484,0
1403,1272,1403,50,48,26485,0
1403,1273,1403,50,49,26485,0
1403,1275,1403,51,49,26486,0
1403,1276,1403,51,50,26486,0
1403,1277,1403,51,50,26487,0
1403,1278,1403,51,50,26488,0
1403,1279,1403,51,50,26489,0
1403,1280,1403,51,50,26490,0
1403,1281,1403,51,50,26491,0
1440,1284,1403,53,50,26492,0
1440,1285,1403,53,51,26492,0
1440,1286,1403,53,51,26493,0
1440,1287,1403,53,51,26494,0
1440,1288,1403,53,51,26495,0
1440,1289,1403,53,51,26496,0
1480,1291,1440,54,51,26497,0
1480,1292,1440,54,51,26498,0
1480,1293,1440,54,51,26499,0
1520,1294,1440,54,51,26500,0
1520,1295,1440,54,51,26501,0
1520,1296,1440,54,51,26502,0
1520,1297,1440,54,51,26503,0
1520,1298,1440,54,51,26504,0
1520,1299,1440,54,51,26505,0
1520,1300,1440,54,52,26505,0
1520,1301,1440,54,52,26506,0
1520,1302,1440,54,52,26507,0
1520,1303,1440,54,52,26508,0
1520,1304,1440,54,52,26509,0
1520,1305,1440,54,52,26510,0
1520,1306,1440,54,52,26511,0
1520,1307,1440,54,52,26512,0
1520,1308,1440,54,52,26513,0
1520,1309,1440,54,52,26514,0
1520,1310,1440,54,52,26515,0
1520,1311,1440,54,52,26516,0
1520,1312,1440,54,52,26517,0
1520,1313,1440,54,52,26518,0
1520,1314,1440,54,52,26519,0
1520,1315,1440,54,52,26520,0
1520,1316,1440,54,52,26521,0
1520,1317,1440,54,52,26522,0
1520,1318,1440,54,52,26523,0
1520,1319,1440,54,52,26524,0
1520,1321,1520,55,52,26525,0
1520,1322,1520,55,52,26526,0
1520,1323,1520,55,52,26527,0
1520,1324,1520,55,52,26528,0
1520,1325,1520,55,52,26529,0
1520,1326,1520,55,52,26530,0
1520,1327,1520,55,52,26531,0
1520,1328,1520,55,52,26532,0
1520,1329,1520,55,52,26533,0
1520,1330,1520,55,52,26534,0
1520,1331,1520,55,52,26535,0
1520,1332,1520,55,52,26536,0
1520,1333,1520,55,52,26537,0
1520,1334,1520,55,52,26538,0
1520,1335,1520,55,52,26539,0
1520,1336,1520,55,52,26540,0
1520,1337,1520,55,52,26541,0
1520,1338,1520,55,52,26542,0
1520,1339,1520,55,52,26543,0
1520,1340,1520,55,52,26544,0
1520,1341,1520,55,53,26544,0
1520,1342,1520,55,53,26545,0
1520,1343,1520,55,53,26546,0
1520,1344,1520,55,53,26547,0
1520,1345,1520,55,53,26548,0
1520,1346,1520,55,53,26549,0
1520,1347,1520,55,53,26550,0
1520,1348,1520,55,53,26551,0
1520,1349,1520,55,54,26551,0
1520,1351,1520,56,54,26552,0
1520,1353,1520,57,54,26553,0
1520,1354,1520,57,54,26554,0
1520,1355,1520,57,54,26555,0
1520,1356,1520,57,54,26556,0
1520,1357,1520,57,54,26557,0
1520,1358,1520,57,54,26558,0
1520,1359,1520,57,54,26559,0
1520,1361,1520,58,54,26560,0
1520,1362,1520,58,54,26561,0
1520,1363,1520,58,54,26562,0
1520,1364,1520,58,54,26563,0
1520,1365,1520,58,54,26564,0
1520,1366,1520,58,54,26565,0
1520,1367,1520,58,54,26566,0
1520,1368,1520,58,54,26567,0
1520,1369,1520,58,54,26568,0
1520,1370,1520,58,54,26569,0
1520,1371,1520,58,54,26570,0
1520,1372,1520,58,54,26571,0
1520,1373,1520,58,54,26572,0
1520,1374,1520,58,54,26573,0
1520,1375,1520,58,55,26573,0
1520,1376,1520,58,55,26574,0
1520,1377,1520,58,55,26575,0
1520,1378,1520,58,55,26576,0
1520,1379,1520,58,55,26577,0
1520,1380,1520,58,56,26577,0
1520,1381,1520,58,56,26578,0
1560,1384,1520,60,56,26579,0
1560,1385,1520,60,56,26580,0
1560,1386,1520,60,56,26581,0
1560,1387,1520,60,56,26582,0
1560,1388,1520,60,56,26583,0
1560,1389,1520,60,57,26583,0
1580,1391,1560,61,57,26584,0
1580,1392,1560,61,57,26585,0
1580,1393,1560,61,58,26585,0
1620,1395,1580,62,58,26586,0
1620,1396,1580,62,58,26587,0
1620,1398,1620,63,59,26587,0
1641,1399,1620,63,59,26588,0
1641,1400,1620,63,59,26589,0
1641,1401,1620,63,59,26590,0
1641,1402,1620,63,59,26591,0
1641,1403,1620,63,59,26592,0
1641,1404,1620,63,59,26593,0
1641,1405,1620,63,59,26594,0
1641,1406,1620,63,59,26595,0
1641,1407,1620,63,59,26596,0
1641,1408,1620,63,59,26597,0
1641,1409,1620,63,59,26598,0
1641,1411,1641,64,59,26599,0
1641,1412,1641,64,60,26599,0
1641,1413,1641,64,60,26600,0
1641,1414,1641,64,60,26601,0
1641,1415,1641,64,60,26602,0
1641,1416,1641,64,60,26603,0
1641,1417,1641,64,60,26604,0
1641,1418,1641,64,60,26605,0
1641,1419,1641,64,60,26606,0
1641,1420,1641,64,60,26607,0
1641,1421,1641,64,61,26607,0
1641,1422,1641,64,61,26608,0
1641,1423,1641,64,61,26609,0
1641,1424,1641,64,61,26610,0
1641,1425,1641,64,61,26611,0
1641,1426,1641,64,61,26612,0
1641,1427,1641,64,61,26613,0
1641,1428,1641,64,62,26613,0
1641,1429,1641,64,62,26614,0
1641,1430,1641,64,62,26615,0
1641,1431,1641,64,62,26616,0
1641,1432,1641,64,62,26617,0
1641,1433,1641,64,62,26618,0
1641,1434,1641,64,62,26619,0
1641,1435,1641,64,62,26620,0
1641,1436,1641,64,62,26621,0
1641,1437,1641,64,63,26621,0
1641,1438,1641,64,63,26622,0
1641,1441,1641,66,63,26623,0
1641,1443,1641,67,63,26624,0
1641,1444,1641,67,63,26625,0
1641,1445,1641,67,63,26626,0
1641,1446,1641,67,63,26627,0
1641,1447,1641,67,63,26628,0
1641,1448,1641,67,63,26629,0
1641,1449,1641,67,63,26630,0
1641,1450,1641,67,63,26631,0
1641,1451,1641,67,63,26632,0
1641,1452,1641,67,63,26633,0
1641,1453,1641,67,64,26633,0
1641,1454,1641,67,64,26634,0
1641,1455,1641,67,64,26635,0
1641,1456,1641,67,64,26636,0
1641,1457,1641,67,64,26637,0
1641,1458,1641,67,64,26638,0
1641,1459,1641,67,64,26639,0
1641,1460,1641,67,64,26640,0
1641,1461,1641,67,65,26640,0
1641,1462,1641,67,65,26641,0
1641,1463,1641,67,65,26642,0
1641,1464,1641,67,65,26643,0
1641,1465,1641,67,65,26644,0
1641,1466,1641,67,65,26645,0
1641,1468,1641,68,65,26646,0
1641,1469,1641,68,65,26647,0
1641,1470,1641,68,65,26648,0
1641,1471,1641,68,65,26649,0
1641,1472,1641,68,65,26650,0
1641,1473,1641,68,65,26651,0
1641,1474,1641,68,66,26651,0
1641,1475,1641,68,66,26652,0
1641,1477,1641,69,66,26653,0
1641,1478,1641,69,66,26654,0
1641,1479,1641,69,66,26655,0
1641,1480,1641,69,66,26656,0
1641,1481,1641,69,66,26657,0
1641,1482,1641,69,66,26658,0
1641,1483,1641,69,66,26659,0
1641,1484,1641,69,66,26660,0
1641,1485,1641,69,66,26661,0
1680,1487,1641,70,66,26662,0
1680,1488,1641,70,66,26663,0
1680,1489,1641,70,66,26664,0
1680,1490,1641,70,66,26665,0
1680,1491,1641,70,66,26666,0
1680,1492,1641,70,66,26667,0
1700,1493,1641,70,66,26668,0
1700,1494,1641,70,66,26669,0
1700,1495,1641,70,66,26670,0
1740,1496,1641,70,66,26671,0
1740,1497,1641,70,66,26672,0
1740,1498,1641,70,66,26673,0
1760,1499,1641,70,66,26674,0
1760,1500,1641,70,66,26675,0
1760,1501,1641,70,66,26676,0
1760,1503,1760,71,66,26677,0
1760,1504,1760,71,66,26678,0
1760,1505,1760,71,66,26679,0
1760,1506,1760,71,66,26680,0
1760,1507,1760,71,66,26681,0
1760,1508,1760,71,66,26682,0
1760,1509,1760,71,67,26682,0
1760,1510,1760,71,67,26683,0
1760,1511,1760,71,68,26683,0
1760,1512,1760,71,68,26684,0
1760,1513,1760,71,68,26685,0
1760,1514,1760,71,68,26686,0
1760,1515,1760,71,68,26687,0
1760,1516,1760,71,69,26687,0
1760,1517,1760,71,69,26688,0
1760,1518,1760,71,69,26689,0
1760,1519,1760,71,69,26690,0
1760,1520,1760,71,69,26691,0
1760,1521,1760,71,69,26692,0
1760,1522,1760,71,69,26693,0
1760,1523,1760,71,69,26694,0
1760,1524,1760,71,69,26695,0
1760,1525,1760,71,69,26696,0
1760,1526,1760,71,69,26697,0
1760,1528,1760,72,70,26697,0
1760,1529,1760,72,71,26697,0
1760,1531,1760,73,71,26698,0
1760,1532,1760,73,71,26699,0
1760,1534,1760,74,71,26700,0
1760,1535,1760,74,71,26701,0
1760,1536,1760,74,71,26702,0
1760,1537,1760,74,71,26703,0
1760,1539,1760,75,71,26704,0
1760,1540,1760,75,71,26705,0
1760,1541,1760,75,72,26705,0
1760,1542,1760,75,72,26706,0
1760,1543,1760,75,72,26707,0
1760,1544,1760,75,72,26708,0
1760,1545,1760,75,72,26709,0
1760,1546,1760,75,72,26710,0
1760,1547,1760,75,72,26711,0
1760,1548,1760,75,72,26712,0
1760,1549,1760,75,72,26713,0
1760,1550,1760,75,72,26714,0
1760,1552,1760,76,72,26715,0
1760,1553,1760,76,72,26716,0
1760,1554,1760,76,72,26717,0
1760,1555,1760,76,72,26718,0
1760,1556,1760,76,72,26719,0
1760,1557,1760,76,72,26720,0
1760,1558,1760,76,72,26721,0
1760,1559,1760,76,72,26722,0
1760,1560,1760,76,73,26722,0
1760,1561,1760,76,73,26723,0
1760,1562,1760,76,73,26724,0
1760,1563,1760,76,73,26725,0
1760,1564,1760,76,73,26726,0
1760,1565,1760,76,73,26727,0
1760,1566,1760,76,73,26728,0
1760,1567,1760,76,73,26729,0
1760,1568,1760,76,73,26730,0
1760,1569,1760,76,73,26731,0
1760,1571,1760,77,73,26732,0
1760,1572,1760,77,73,26733,0
1760,1573,1760,77,73,26734,0
1760,1574,1760,77,73,26735,0
1760,1575,1760,77,73,26736,0
1760,1576,1760,77,73,26737,0
1760,1577,1760,77,73,26738,0
1760,1578,1760,77,73,26739,0
1760,1579,1760,77,73,26740,0
1760,1580,1760,77,73,26741,0
1760,1581,1760,77,73,26742,0
1760,1582,1760,77,73,26743,0
1760,1583,1760,77,73,26744,0
1760,1584,1760,77,73,26745,0
1760,1585,1760,77,73,26746,0
1760,1586,1760,77,73,26747,0
1800,1587,1760,77,73,26748,0
1800,1588,1760,77,73,26749,0
1800,1589,1760,77,73,26750,0
1800,1590,1760,77,73,26751,0
1800,1591,1760,77,73,26752,0
1800,1592,1760,77,73,26753,0
1820,1593,1760,77,73,26754,0
1820,1594,1760,77,73,26755,0
1820,1595,1760,77,73,26756,0
1841,1596,1760,77,73,26757,0
1841,1597,1760,77,73,26758,0
1841,1598,1760,77,73,26759,0
1861,1599,1760,77,73,26760,0
1861,1600,1760,77,73,26761,0
1861,1601,1760,77,73,26762,0
1861,1602,1760,77,73,26763,0
1861,1603,1760,77,73,26764,0
1861,1604,1760,77,73,26765,0
1861,1605,1760,77,73,26766,0
1861,1606,1760,77,73,26767,0
1861,1607,1760,77,73,26768,0
1861,1608,1760,77,73,26769,0
1861,1609,1760,77,73,26770,0
1861,1610,1760,77,73,26771,0
1861,1611,1760,77,73,26772,0
1861,1612,1760,77,73,26773,0
1861,1613,1760,77,73,26774,0
1861,1614,1760,77,73,26775,0
1861,1615,1760,77,73,26776,0
1861,1616,1760,77,73,26777,0
1861,1617,1760,77,73,26778,0
1861,1618,1760,77,73,26779,0
1861,1619,1760,77,73,26780,0
1861,1620,1760,77,73,26781,0
1861,1621,1760,77,73,26782,0
1861,1622,1760,77,73,26783,0
1861,1623,1760,77,73,26784,0
1861,1624,1760,77,73,26785,0
1861,1625,1760,77,73,26786,0
1861,1626,1760,77,73,26787,0
1862,1627,1760,77,73,26788,0
1862,1628,1760,77,73,26789,0
1862,1629,1760,77,73,26790,0
1862,1630,1760,77,73,26791,0
1862,1631,1760,77,73,26792,0
1862,1632,1760,77,73,26793,0
1862,1633,1760,77,73,26794,0
1862,1634,1760,77,73,26795,0
1862,1635,1760,77,73,26796,0
1862,1636,1760,77,73,26797,0
1862,1637,1760,77,73,26798,0
1862,1638,1760,77,73,26799,0
1862,1639,1760,77,73,26800,0
1862,1640,1760,77,73,26801,0
1862,1641,1760,77,73,26802,0
1862,1642,1760,77,73,26803,0
1862,1643,1760,77,73,26804,0
1862,1644,1760,77,73,26805,0
1862,1645,1760,77,73,26806,0
1862,1646,1760,77,73,26807,0
1862,1647,1760,77,73,26808,0
1862,1648,1760,77,73,26809,0
1862,1649,1760,77,73,26810,0
1862,1650,1760,77,73,26811,0
1862,1651,1760,77,73,26812,0
1862,1652,1760,77,73,26813,0
1862,1653,1760,77,73,26814,0
1862,1654,1760,77,73,26815,0
1862,1655,1760,77,73,26816,0
1862,1656,1760,77,73,26817,0
1862,1657,1760,77,73,26818,0
1862,1658,1760,77,73,26819,0
1862,1659,1760,77,73,26820,0
1862,1660,1760,77,73,26821,0
1862,1661,1760,77,73,26822,0
1862,1662,1760,77,73,26823,0
1862,1663,1760,77,73,26824,0
1862,1664,1760,77,73,26825,0
1862,1665,1760,77,73,26826,0
1862,1666,1760,77,73,26827,0
1862,1667,1760,77,73,26828,0
1862,1668,1760,77,73,26829,0
1862,1669,1760,77,73,26830,0
1862,1670,1760,77,73,26831,0
1862,1671,1760,77,73,26832,0
1862,1672,1760,77,73,26833,0
1862,1673,1760,77,73,26834,0
1862,1674,1760,77,73,26835,0
1862,1675,1760,77,73,26836,0
1862,1676,1760,77,73,26837,0
1862,1677,1760,77,73,26838,0
1862,1678,1760,77,73,26839,0
1862,1679,1760,77,73,26840,0
1920,1680,1760,77,73,26841,0
1920,1681,1760,77,73,26842,0
1920,1682,1760,77,73,26843,0
1920,1683,1760,77,73,26844,0
1920,1684,1760,77,73,26845,0
1920,1685,1760,77,73,26846,0
1920,1686,1760,77,73,26847,0
1920,1687,1760,77,73,26848,0
1920,1688,1760,77,73,26849,0
1960,1689,1760,77,73,26850,0
1960,1690,1760,77,73,26851,0
1960,1691,1760,77,73,26852,0
1980,1692,1760,77,73,26853,0
1980,1693,1760,77,73,26854,0
1980,1694,1760,77,73,26855,0
1980,1695,1760,77,73,26856,0
1980,1696,1760,77,73,26857,0
1980,1697,1760,77,73,26858,0
1980,1698,1760,77,73,26859,0
1980,1699,1760,77,73,26860,0
1980,1700,1760,77,73,26861,0
1980,1701,1760,77,73,26862,0
1980,1702,1760,77,73,26863,0
1980,1703,1760,77,73,26864,0
1980,1704,1760,77,73,26865,0
1980,1705,1760,77,73,26866,0
1980,1706,1760,77,73,26867,0
1980,1707,1760,77,73,26868,0
1980,1708,1760,77,73,26869,0
1980,1709,1760,77,73,26870,0
1980,1710,1760,77,73,26871,0
1980,1711,1760,77,74,26871,0
1980,1712,1760,77,74,26872,0
1980,1713,1760,77,74,26873,0
1980,1714,1760,77,74,26874,0
1980,1715,1760,77,74,26875,0
1980,1716,1760,77,74,26876,0
1980,1717,1760,77,74,26877,0
1980,1718,1760,77,74,26878,0
1980,1719,1760,77,74,26879,0
1980,1720,1760,77,74,26880,0
1980,1721,1760,77,74,26881,0
1980,1722,1760,77,74,26882,0
1980,1723,1760,77,74,26883,0
1980,1724,1760,77,74,26884,0
1980,1725,1760,77,74,26885,0
1980,1726,1760,77,74,26886,0
1980,1727,1760,77,74,26887,0
1980,1729,1980,78,74,26888,0
1980,1730,1980,78,74,26889,0
1980,1731,1980,78,74,26890,0
1980,1732,1980,78,74,26891,0
1980,1733,1980,78,74,26892,0
1980,1734,1980,78,74,26893,0
1980,1735,1980,78,74,26894,0
1980,1736,1980,78,74,26895,0
1980,1737,1980,78,74,26896,0
1980,1738,1980,78,74,26897,0
1980,1739,1980,78,74,26898,0
1980,1740,1980,78,74,26899,0
1980,1741,1980,78,74,26900,0
1980,1742,1980,78,74,26901,0
1980,1743,1980,78,74,26902,0
1980,1744,1980,78,74,26903,0
1980,1745,1980,78,74,26904,0
1980,1746,1980,78,74,26905,0
1980,1747,1980,78,74,26906,0
1980,1748,1980,78,74,26907,0
1980,1749,1980,78,74,26908,0
1980,1750,1980,78,74,26909,0
1980,1751,1980,78,74,26910,0
1980,1752,1980,78,74,26911,0
1980,1753,1980,78,74,26912,0
1980,1754,1980,78,74,26913,0
1980,1755,1980,78,74,26914,0
1980,1756,1980,78,74,26915,0
1980,1757,1980,78,74,26916,0
1980,1758,1980,78,74,26917,0
1980,1759,1980,78,74,26918,0
1980,1760,1980,78,74,26919,0
1980,1761,1980,78,74,26920,0
1980,1762,1980,78,74,26921,0
1980,1763,1980,78,74,26922,0
1980,1764,1980,78,74,26923,0
1980,1765,1980,78,74,26924,0
1980,1766,1980,78,74,26925,0
1980,1767,1980,78,74,26926,0
1980,1768,1980,78,74,26927,0
1980,1769,1980,78,74,26928,0
1980,1770,1980,78,74,26929,0
1980,1771,1980,78,74,26930,0
1980,1772,1980,78,74,26931,0
1980,1773,1980,78,74,26932,0
2022,1774,1980,78,74,26933,0
2022,1775,1980,78,74,26934,0
2022,1776,1980,78,74,26935,0
2022,1777,1980,78,74,26936,0
2022,1778,1980,78,74,26937,0
2022,1779,1980,78,74,26938,0
2022,1780,1980,78,74,26939,0
2022,1781,1980,78,74,26940,0
2022,1782,1980,78,74,26941,0
2081,1783,1980,78,74,26942,0
2081,1784,1980,78,74,26943,0
2081,1785,1980,78,74,26944,0
2082,1786,1980,78,74,26945,0
2082,1787,1980,78,74,26946,0
2082,1788,1980,78,74,26947,0
2082,1789,1980,78,74,26948,0
2082,1790,1980,78,74,26949,0
2082,1791,1980,78,74,26950,0
2082,1792,1980,78,74,26951,0
2082,1793,1980,78,74,26952,0
2082,1794,1980,78,74,26953,0
2082,1795,1980,78,74,26954,0
2082,1796,1980,78,74,26955,0
2082,1797,1980,78,74,26956,0
2082,1798,1980,78,74,26957,0
2082,1799,1980,78,74,26958,0
2082,1800,1980,78,74,26959,0
2082,1801,1980,78,74,26960,0
2082,1802,1980,78,74,26961,0
2082,1803,1980,78,74,26962,0
2082,1804,1980,78,74,26963,0
2082,1805,1980,78,74,26964,0
2082,1806,1980,78,74,26965,0
2083,1807,1980,78,75,26965,0
2083,1808,1980,78,75,26966,0
2083,1809,1980,78,75,26967,0
2083,1810,1980,78,75,26968,0
2083,1811,1980,78,75,26969,0
2083,1812,1980,78,75,26970,0
2083,1813,1980,78,75,26971,0
2083,1814,1980,78,75,26972,0
2083,1815,1980,78,75,26973,0
2083,1816,1980,78,75,26974,0
2083,1817,1980,78,75,26975,0
2083,1818,1980,78,75,26976,0
2083,1819,1980,78,75,26977,0
2083,1820,1980,78,75,26978,0
2083,1821,1980,78,75,26979,0
2083,1822,1980,78,75,26980,0
2083,1823,1980,78,75,26981,0
2083,1824,1980,78,75,26982,0
2083,1826,2083,79,75,26983,0
2083,1827,2083,79,75,26984,0
2083,1828,2083,79,75,26985,0
2083,1829,2083,79,75,26986,0
2083,1830,2083,79,75,26987,0
2083,1831,2083,79,75,26988,0
2083,1832,2083,79,75,26989,0
2083,1833,2083,79,75,26990,0
2083,1834,2083,79,75,26991,0
2083,1835,2083,79,75,26992,0
2083,1836,2083,79,75,26993,0
2083,1837,2083,79,75,26994,0
2083,1838,2083,79,75,26995,0
2083,1839,2083,79,75,26996,0
2083,1840,2083,79,75,26997,0
2083,1841,2083,79,75,26998,0
2083,1842,2083,79,75,26999,0
2083,1843,2083,79,75,27000,0
2083,1844,2083,79,75,27001,0
2083,1845,2083,79,75,27002,0
2083,1846,2083,79,75,27003,0
2083,1847,2083,79,75,27004,0
2083,1848,2083,79,75,27005,0
2083,1849,2083,79,75,27006,0
2083,1850,2083,79,75,27007,0
2083,1851,2083,79,75,27008,0
2083,1852,2083,79,75,27009,0
2083,1853,2083,79,75,27010,0
2083,1854,2083,79,75,27011,0
2083,1855,2083,79,75,27012,0
2083,1856,2083,79,75,27013,0
2083,1857,2083,79,75,27014,0
2083,1858,2083,79,75,27015,0
2083,1859,2083,79,75,27016,0
2083,1860,2083,79,75,27017,0
2083,1861,2083,79,75,27018,0
2083,1862,2083,79,75,27019,0
2083,1863,2083,79,75,27020,0
2083,1864,2083,79,75,27021,0
2083,1865,2083,79,75,27022,0
2083,1866,2083,79,75,27023,0
2083,1867,2083,79,75,27024,0
2122,1868,2083,79,75,27025,0
2122,1869,2083,79,75,27026,0
2122,1870,2083,79,75,27027,0
2122,1871,2083,79,75,27028,0
2122,1872,2083,79,75,27029,0
2122,1873,2083,79,75,27030,0
2122,1874,2083,79,75,27031,0
2122,1875,2083,79,75,27032,0
2122,1876,2083,79,75,27033,0
2201,1877,2083,79,75,27034,0
2201,1878,2083,79,75,27035,0
2201,1879,2083,79,75,27036,0
2201,1880,2083,79,75,27037,0
2201,1881,2083,79,75,27038,0
2201,1882,2083,79,75,27039,0
2201,1883,2083,79,75,27040,0
2201,1884,2083,79,75,27041,0
2201,1885,2083,79,75,27042,0
2201,1886,2083,79,75,27043,0
2201,1887,2083,79,75,27044,0
2201,1888,2083,79,75,27045,0
2201,1889,2083,79,75,27046,0
2201,1890,2083,79,75,27047,0
2201,1891,2083,79,75,27048,0
2201,1892,2083,79,75,27049,0
2201,1893,2083,79,75,27050,0
2201,1894,2083,79,75,27051,0
2201,1895,2083,79,75,27052,0
2201,1896,2083,79,75,27053,0
2201,1897,2083,79,75,27054,0
2201,1898,2083,79,75,27055,0
2201,1899,2083,79,75,27056,0
2201,1900,2083,79,75,27057,0
2201,1901,2083,79,75,27058,0
2201,1902,2083,79,75,27059,0
2201,1903,2083,79,75,27060,0
2201,1904,2083,79,75,27061,0
2201,1905,2083,79,75,27062,0
2201,1906,2083,79,75,27063,0
2201,1907,2083,79,75,27064,0
2201,1908,2083,79,75,27065,0
2201,1909,2083,79,75,27066,0
2201,1910,2083,79,75,27067,0
2201,1911,2083,79,75,27068,0
2201,1912,2083,79,75,27069,0
2201,1913,2083,79,75,27070,0
2201,1914,2083,79,75,27071,0
2201,1915,2083,79,75,27072,0
2201,1916,2083,79,75,27073,0
2201,1917,2083,79,75,27074,0
2201,1918,2083,79,75,27075,0
2201,1919,2083,79,75,27076,0
2201,1920,2083,79,75,27077,0
2201,1921,2083,79,75,27078,0
2201,1922,2083,79,75,27079,0
2201,1923,2083,79,75,27080,0
2201,1924,2083,79,75,27081,0
2201,1925,2083,79,75,27082,0
2201,1926,2083,79,75,27083,0
2201,1927,2083,79,75,27084,0
2201,1928,2083,79,75,27085,0
2201,1929,2083,79,75,27086,0
2201,1930,2083,79,75,27087,0
2201,1931,2083,79,75,27088,0
2201,1932,2083,79,75,27089,0
2201,1933,2083,79,75,27090,0
2201,1934,2083,79,75,27091,0
2201,1935,2083,79,75,27092,0
2201,1936,2083,79,75,27093,0
2201,1937,2083,79,75,27094,0
2201,1938,2083,79,75,27095,0
2201,1939,2083,79,75,27096,0
2201,1940,2083,79,75,27097,0
2201,1941,2083,79,75,27098,0
2201,1942,2083,79,75,27099,0
2201,1943,2083,79,75,27100,0
2201,1944,2083,79,75,27101,0
2201,1945,2083,79,75,27102,0
2201,1946,2083,79,75,27103,0
2201,1947,2083,79,75,27104,0
2201,1948,2083,79,75,27105,0
2201,1949,2083,79,75,27106,0
2201,1950,2083,79,75,27107,0
2201,1951,2083,79,75,27108,0
2201,1952,2083,79,75,27109,0
2201,1953,2083,79,75,27110,0
2201,1954,2083,79,75,27111,0
2201,1955,2083,79,75,27112,0
2201,1956,2083,79,75,27113,0
2201,1957,2083,79,75,27114,0
2201,1958,2083,79,75,27115,0
2201,1959,2083,79,75,27116,0
2201,1960,2083,79,75,27117,0
2201,1961,2083,79,75,27118,0
2240,1962,2083,79,75,27119,0
2240,1963,2083,79,75,27120,0
2240,1964,2083,79,75,27121,0
2240,1965,2083,79,75,27122,0
2240,1966,2083,79,75,27123,0
2240,1967,2083,79,75,27124,0
2240,1968,2083,79,75,27125,0
2240,1969,2083,79,75,27126,0
2240,1970,2083,79,75,27127,0
2321,1971,2083,79,75,27128,0
2321,1972,2083,79,75,27129,0
2321,1973,2083,79,75,27130,0
2321,1974,2083,79,75,27131,0
2321,1975,2083,79,75,27132,0
2321,1976,2083,79,75,27133,0
2321,1977,2083,79,75,27134,0
2321,1978,2083,79,75,27135,0
2321,1979,2083,79,75,27136,0
2321,1980,2083,79,75,27137,0
2321,1981,2083,79,75,27138,0
2321,1982,2083,79,75,27139,0
2321,1983,2083,79,75,27140,0
2321,1984,2083,79,75,27141,0
2321,1985,2083,79,75,27142,0
2321,1986,2083,79,75,27143,0
2321,1987,2083,79,75,27144,0
2321,1988,2083,79,75,27145,0
2321,1989,2083,79,75,27146,0
2321,1990,2083,79,75,27147,0
2321,1991,2083,79,75,27148,0
2321,1992,2083,79,75,27149,0
2321,1993,2083,79,75,27150,0
2321,1994,2083,79,75,27151,0
2321,1995,2083,79,75,27152,0
2321,1996,2083,79,75,27153,0
2321,1997,2083,79,75,27154,0
2321,1998,2083,79,75,27155,0
2321,1999,2083,79,75,27156,0
2321,2000,2083,79,75,27157,0
2321,2001,2083,79,75,27158,0
2321,2002,2083,79,75,27159,0
2321,2003,2083,79,75,27160,0
2321,2004,2083,79,75,27161,0
2321,2005,2083,79,75,27162,0
2321,2006,2083,79,75,27163,0
2321,2007,2083,79,75,27164,0
2321,2008,2083,79,75,27165,0
2321,2009,2083,79,75,27166,0
2321,2010,2083,79,75,27167,0
2321,2011,2083,79,75,27168,0
2321,2012,2083,79,75,27169,0
2321,2013,2083,79,75,27170,0
2321,2014,2083,79,75,27171,0
2321,2015,2083,79,75,27172,0
2321,2016,2083,79,75,27173,0
2321,2017,2083,79,75,27174,0
2321,2018,2083,79,75,27175,0
2321,2019,2083,79,75,27176,0
2321,2020,2083,79,75,27177,0
2321,2021,2083,79,75,27178,0
2321,2022,2083,79,75,27179,0
2321,2023,2083,79,75,27180,0
2321,2024,2083,79,75,27181,0
2321,2025,2083,79,75,27182,0
2321,2026,2083,79,75,27183,0
2321,2027,2083,79,75,27184,0
2321,2028,2083,79,75,27185,0
2321,2029,2083,79,75,27186,0
2321,2030,2083,79,75,27187,0
2321,2031,2083,79,75,27188,0
2321,2032,2083,79,75,27189,0
2321,2033,2083,79,75,27190,0
2321,2034,2083,79,75,27191,0
2321,2035,2083,79,75,27192,0
2321,2036,2083,79,75,27193,0
2321,2037,2083,79,75,27194,0
2321,2038,2083,79,75,27195,0
2321,2039,2083,79,75,27196,0
2321,2040,2083,79,75,27197,0
2321,2041,2083,79,75,27198,0
2321,2042,2083,79,75,27199,0
2321,2043,2083,79,75,27200,0
2321,2044,2083,79,75,27201,0
2321,2045,2083,79,75,27202,0
2321,2046,2083,79,75,27203,0
2321,2047,2083,79,75,27204,0
2321,2048,2083,79,75,27205,0
2321,2050,2321,80,75,27206,0
2321,2051,2321,80,75,27207,0
2321,2052,2321,80,75,27208,0
2321,2053,2321,80,75,27209,0
2321,2054,2321,80,75,27210,0
2321,2055,2321,80,75,27211,0
2360,2056,2321,80,75,27212,0
2360,2057,2321,80,75,27213,0
2360,2058,2321,80,75,27214,0
2360,2059,2321,80,75,27215,0
2360,2060,2321,80,75,27216,0
2360,2061,2321,80,75,27217,0
2360,2062,2321,80,75,27218,0
2360,2063,2321,80,76,27218,0
2360,2064,2321,80,77,27218,0
2421,2067,2361,82,77,27219,0
2421,2068,2361,82,77,27220,0
2421,2069,2361,82,77,27221,0
2421,2070,2361,82,77,27222,0
2422,2071,2361,82,77,27223,0
2422,2072,2361,82,77,27224,0
2422,2073,2361,82,77,27225,0
2422,2074,2361,82,77,27226,0
2422,2075,2361,82,77,27227,0
2422,2076,2361,82,77,27228,0
2422,2077,2361,82,78,27228,0
2422,2078,2361,82,78,27229,0
2422,2079,2361,82,78,27230,0
2422,2080,2361,82,78,27231,0
2422,2081,2361,82,78,27232,0
2422,2082,2361,82,78,27233,0
2422,2083,2361,82,78,27234,0
2422,2084,2361,82,78,27235,0
2422,2085,2361,82,78,27236,0
2422,2086,2361,82,78,27237,0
2422,2087,2361,82,78,27238,0
2422,2088,2361,82,79,27238,0
2422,2089,2361,82,79,27239,0
2422,2090,2361,82,79,27240,0
2422,2091,2361,82,79,27241,0
2422,2092,2361,82,79,27242,0
2422,2093,2361,82,79,27243,0
2422,2094,2361,82,79,27244,0
2422,2095,2361,82,79,27245,0
2422,2096,2361,82,79,27246,0
2422,2097,2361,82,79,27247,0
2422,2098,2361,82,79,27248,0
2422,2099,2361,82,79,27249,0
2422,2100,2361,82,79,27250,0
2422,2101,2361,82,79,27251,0
2422,2102,2361,82,79,27252,0
2422,2103,2361,82,79,27253,0
2422,2104,2361,82,79,27254,0
2422,2105,2361,82,79,27255,0
2422,2106,2361,82,79,27256,0
2422,2107,2361,82,79,27257,0
2422,2108,2361,82,79,27258,0
2422,2109,2361,82,79,27259,0
2422,2110,2361,82,79,27260,0
2422,2112,2422,83,79,27261,0
2422,2114,2422,84,79,27262,0
2422,2115,2422,84,79,27263,0
2422,2116,2422,84,79,27264,0
2422,2117,2422,84,79,27265,0
2422,2118,2422,84,79,27266,0
2422,2119,2422,84,79,27267,0
2422,2120,2422,84,79,27268,0
2422,2121,2422,84,80,27268,0
2422,2122,2422,84,80,27269,0
2422,2123,2422,84,80,27270,0
2422,2124,2422,84,80,27271,0
2422,2125,2422,84,80,27272,0
2422,2126,2422,84,80,27273,0
2422,2128,2422,85,80,27274,0
2422,2129,2422,85,80,27275,0
2422,2130,2422,85,80,27276,0
2422,2131,2422,85,80,27277,0
2423,2132,2422,85,80,27278,0
2423,2133,2422,85,80,27279,0
2423,2134,2422,85,80,27280,0
2423,2135,2422,85,81,27280,0
2423,2136,2422,85,81,27281,0
2423,2137,2422,85,81,27282,0
2423,2138,2422,85,81,27283,0
2423,2139,2422,85,81,27284,0
2423,2140,2422,85,82,27284,0
2423,2142,2423,86,82,27285,0
2423,2144,2423,87,82,27286,0
2423,2145,2423,87,82,27287,0
2423,2146,2423,87,82,27288,0
2423,2147,2423,87,82,27289,0
2423,2148,2423,87,82,27290,0
2423,2149,2423,87,82,27291,0
2423,2150,2423,87,82,27292,0
2423,2151,2423,87,82,27293,0
2423,2152,2423,87,82,27294,0
2423,2153,2423,87,82,27295,0
2423,2154,2423,87,82,27296,0
2423,2155,2423,87,82,27297,0
2423,2156,2423,87,82,27298,0
2461,2157,2423,87,82,27299,0
2461,2158,2423,87,82,27300,0
2461,2159,2423,87,82,27301,0
2461,2160,2423,87,82,27302,0
2461,2161,2423,87,82,27303,0
2461,2162,2423,87,82,27304,0
2461,2163,2423,87,82,27305,0
2461,2164,2423,87,82,27306,0
2461,2165,2423,87,82,27307,0
2540,2166,2423,87,82,27308,0
2540,2167,2423,87,82,27309,0
2540,2168,2423,87,82,27310,0
2540,2169,2423,87,82,27311,0
2540,2170,2423,87,82,27312,0
2540,2171,2423,87,82,27313,0
2540,2172,2423,87,82,27314,0
2540,2173,2423,87,82,27315,0
2540,2174,2423,87,82,27316,0
2540,2175,2423,87,82,27317,0
2540,2176,2423,87,82,27318,0
2540,2177,2423,87,82,27319,0
2540,2178,2423,87,82,27320,0
2540,2179,2423,87,82,27321,0
2540,2180,2423,87,82,27322,0
2540,2181,2423,87,82,27323,0
2540,2182,2423,87,82,27324,0
2540,2183,2423,87,82,27325,0
2540,2184,2423,87,82,27326,0
2540,2185,2423,87,82,27327,0
2540,2186,2423,87,82,27328,0
2540,2187,2423,87,82,27329,0
2540,2188,2423,87,82,27330,0
2540,2189,2423,87,82,27331,0
2540,2190,2423,87,82,27332,0
2540,2191,2423,87,82,27333,0
2540,2192,2423,87,82,27334,0
2540,2193,2423,87,82,27335,0
2540,2194,2423,87,82,27336,0
2540,2195,2423,87,82,27337,0
2540,2196,2423,87,82,27338,0
2540,2197,2423,87,82,27339,0
2540,2198,2423,87,82,27340,0
2540,2199,2423,87,82,27341,0
2540,2200,2423,87,82,27342,0
2540,2201,2423,87,82,27343,0
2540,2202,2423,87,82,27344,0
2540,2203,2423,87,82,27345,0
2540,2204,2423,87,82,27346,0
2540,2205,2423,87,82,27347,0
2540,2206,2423,87,82,27348,0
2540,2207,2423,87,82,27349,0
2540,2208,2423,87,82,27350,0
2540,2209,2423,87,82,27351,0
2540,2210,2423,87,82,27352,0
2540,2211,2423,87,82,27353,0
2540,2212,2423,87,82,27354,0
2540,2213,2423,87,82,27355,0
2540,2214,2423,87,82,27356,0
2540,2215,2423,87,82,27357,0
2540,2216,2423,87,82,27358,0
2540,2217,2423,87,82,27359,0
2540,2218,2423,87,82,27360,0
2540,2219,2423,87,82,27361,0
2540,2220,2423,87,82,27362,0
2540,2221,2423,87,82,27363,0
2540,2222,2423,87,82,27364,0
2540,2223,2423,87,82,27365,0
2540,2224,2423,87,82,27366,0
2540,2225,2423,87,82,27367,0
2540,2226,2423,87,82,27368,0
2540,2227,2423,87,82,27369,0
2540,2228,2423,87,82,27370,0
2540,2229,2423,87,82,27371,0
2540,2230,2423,87,82,27372,0
2540,2231,2423,87,82,27373,0
2540,2232,2423,87,82,27374,0
2540,2233,2423,87,82,27375,0
2540,2235,2540,88,82,27376,0
2540,2236,2540,88,82,27377,0
2540,2237,2540,88,82,27378,0
2540,2238,2540,88,82,27379,0
2540,2239,2540,88,82,27380,0
2540,2240,2540,88,82,27381,0
2540,2241,2540,88,82,27382,0
2540,2242,2540,88,82,27383,0
2540,2243,2540,88,83,27383,0
2540,2244,2540,88,83,27384,0
2540,2245,2540,88,83,27385,0
2540,2246,2540,88,83,27386,0
2540,2247,2540,88,83,27387,0
2540,2248,2540,88,84,27387,0
2540,2249,2540,88,84,27388,0
2540,2250,2540,88,84,27389,0
2540,2251,2540,88,84,27390,0
2561,2253,2540,89,84,27391,0
2561,2254,2540,89,84,27392,0
2561,2255,2540,89,84,27393,0
2561,2256,2540,89,84,27394,0
2561,2257,2540,89,84,27395,0
2561,2258,2540,89,84,27396,0
2561,2259,2540,89,84,27397,0
2561,2260,2540,89,84,27398,0
2561,2261,2540,89,84,27399,0
2660,2262,2540,89,84,27400,0
2660,2263,2540,89,84,27401,0
2660,2264,2540,89,84,27402,0
2660,2265,2540,89,84,27403,0
2660,2266,2540,89,84,27404,0
2660,2267,2540,89,84,27405,0
2660,2268,2540,89,84,27406,0
2660,2269,2540,89,84,27407,0
2660,2270,2540,89,84,27408,0
2660,2271,2540,89,84,27409,0
2660,2272,2540,89,84,27410,0
2660,2273,2540,89,84,27411,0
2660,2274,2540,89,84,27412,0
2660,2275,2540,89,84,27413,0
2660,2276,2540,89,84,27414,0
2660,2277,2540,89,84,27415,0
2660,2278,2540,89,84,27416,0
2660,2279,2540,89,84,27417,0
2660,2280,2540,89,84,27418,0
2660,2281,2540,89,84,27419,0
2660,2282,2540,89,84,27420,0
2660,2283,2540,89,84,27421,0
2660,2284,2540,89,84,27422,0
2660,2285,2540,89,84,27423,0
2660,2286,2540,89,84,27424,0
2660,2287,2540,89,84,27425,0
2660,2288,2540,89,84,27426,0
2660,2289,2540,89,84,27427,0
2660,2290,2540,89,84,27428,0
2660,2291,2540,89,84,27429,0
2660,2292,2540,89,84,27430,0
2660,2293,2540,89,84,27431,0
2660,2294,2540,89,85,27431,0
2660,2295,2540,89,85,27432,0
2660,2296,2540,89,85,27433,0
2660,2297,2540,89,85,27434,0
2660,2298,2540,89,85,27435,0
2660,2299,2540,89,85,27436,0
2660,2300,2540,89,85,27437,0
2660,2301,2540,89,85,27438,0
2660,2302,2540,89,85,27439,0
2660,2303,2540,89,85,27440,0
2660,2305,2660,90,85,27441,0
2660,2306,2660,90,85,27442,0
2660,2307,2660,90,85,27443,0
2660,2308,2660,90,85,27444,0
2660,2309,2660,90,85,27445,0
2660,2310,2660,90,85,27446,0
2660,2311,2660,90,85,27447,0
2660,2312,2660,90,85,27448,0
2660,2313,2660,90,86,27448,0
2660,2314,2660,90,86,27449,0
2660,2315,2660,90,86,27450,0
2660,2316,2660,90,86,27451,0
2660,2317,2660,90,86,27452,0
2660,2318,2660,90,86,27453,0
2660,2319,2660,90,86,27454,0
2660,2320,2660,90,86,27455,0
2660,2321,2660,90,86,27456,0
2660,2322,2660,90,86,27457,0
2660,2323,2660,90,86,27458,0
2660,2324,2660,90,86,27459,0
2660,2325,2660,90,86,27460,0
2660,2326,2660,90,86,27461,0
2660,2327,2660,90,86,27462,0
2660,2328,2660,90,86,27463,0
2660,2329,2660,90,86,27464,0
2660,2330,2660,90,86,27465,0
2660,2332,2660,91,86,27466,0
2660,2333,2660,91,86,27467,0
2660,2334,2660,91,86,27468,0
2660,2335,2660,91,86,27469,0
2660,2336,2660,91,86,27470,0
2660,2337,2660,91,86,27471,0
2660,2338,2660,91,86,27472,0
2660,2339,2660,91,86,27473,0
2660,2340,2660,91,86,27474,0
2660,2341,2660,91,86,27475,0
2660,2342,2660,91,86,27476,0
2660,2343,2660,91,86,27477,0
2660,2344,2660,91,86,27478,0
2660,2345,2660,91,86,27479,0
2660,2346,2660,91,86,27480,0
2660,2347,2660,91,86,27481,0
2660,2348,2660,91,86,27482,0
2680,2349,2660,91,86,27483,0
2680,2350,2660,91,86,27484,0
2680,2351,2660,91,86,27485,0
2680,2352,2660,91,86,27486,0
2680,2353,2660,91,86,27487,0
2680,2354,2660,91,86,27488,0
2680,2355,2660,91,86,27489,0
2680,2356,2660,91,86,27490,0
2680,2357,2660,91,86,27491,0
2761,2358,2660,91,86,27492,0
2761,2359,2660,91,86,27493,0
2761,2360,2660,91,87,27493,0
2761,2361,2660,91,87,27494,0
2761,2362,2660,91,87,27495,0
2761,2363,2660,91,87,27496,0
2761,2364,2660,91,87,27497,0
2761,2365,2660,91,87,27498,0
2761,2366,2660,91,87,27499,0
2762,2367,2660,91,87,27500,0
2762,2368,2660,91,87,27501,0
2762,2369,2660,91,87,27502,0
2762,2370,2660,91,87,27503,0
2762,2371,2660,91,87,27504,0
2762,2372,2660,91,87,27505,0
2762,2373,2660,91,87,27506,0
2762,2374,2660,91,87,27507,0
2762,2375,2660,91,87,27508,0
2762,2377,2762,92,87,27509,0
2762,2378,2762,92,87,27510,0
2762,2379,2762,92,87,27511,0
2762,2380,2762,92,87,27512,0
2762,2381,2762,92,87,27513,0
2762,2382,2762,92,87,27514,0
2762,2383,2762,92,87,27515,0
2762,2384,2762,92,87,27516,0
2762,2385,2762,92,87,27517,0
2762,2386,2762,92,87,27518,0
2762,2387,2762,92,87,27519,0
2762,2388,2762,92,87,27520,0
2762,2389,2762,92,87,27521,0
2762,2390,2762,92,87,27522,0
2762,2391,2762,92,87,27523,0
2762,2392,2762,92,87,27524,0
2762,2393,2762,92,87,27525,0
2762,2394,2762,92,87,27526,0
2762,2395,2762,92,87,27527,0
2762,2396,2762,92,87,27528,0
2762,2397,2762,92,87,27529,0
2762,2398,2762,92,87,27530,0
2762,2399,2762,92,87,27531,0
2762,2400,2762,92,87,27532,0
2762,2401,2762,92,87,27533,0
2762,2402,2762,92,87,27534,0
2762,2403,2762,92,87,27535,0
2762,2404,2762,92,87,27536,0
2762,2405,2762,92,87,27537,0
2762,2406,2762,92,87,27538,0
2762,2407,2762,92,87,27539,0
2762,2408,2762,92,87,27540,0
2762,2409,2762,92,87,27541,0
2762,2410,2762,92,87,27542,0
2762,2411,2762,92,87,27543,0
2762,2412,2762,92,87,27544,0
2762,2413,2762,92,87,27545,0
2762,2414,2762,92,87,27546,0
2762,2415,2762,92,87,27547,0
2762,2416,2762,92,87,27548,0
2762,2417,2762,92,87,27549,0
2762,2418,2762,92,87,27550,0
2762,2419,2762,92,87,27551,0
2762,2420,2762,92,87,27552,0
2762,2421,2762,92,87,27553,0
2762,2422,2762,92,87,27554,0
2762,2423,2762,92,87,27555,0
2762,2424,2762,92,87,27556,0
2762,2425,2762,92,87,27557,0
2762,2426,2762,92,87,27558,0
2762,2427,2762,92,87,27559,0
2762,2428,2762,92,87,27560,0
2762,2429,2762,92,87,27561,0
2762,2430,2762,92,87,27562,0
2762,2431,2762,92,87,27563,0
2762,2432,2762,92,87,27564,0
2762,2433,2762,92,87,27565,0
2762,2434,2762,92,87,27566,0
2762,2435,2762,92,87,27567,0
2762,2436,2762,92,87,27568,0
2762,2437,2762,92,87,27569,0
2762,2438,2762,92,87,27570,0
2762,2439,2762,92,87,27571,0
2762,2440,2762,92,87,27572,0
2762,2441,2762,92,87,27573,0
2762,2442,2762,92,87,27574,0
2762,2443,2762,92,87,27575,0
2780,2444,2762,92,87,27576,0
2780,2445,2762,92,87,27577,0
2780,2446,2762,92,87,27578,0
2780,2447,2762,92,87,27579,0
2780,2448,2762,92,87,27580,0
2780,2449,2762,92,87,27581,0
2780,2450,2762,92,87,27582,0
2780,2451,2762,92,87,27583,0
2780,2452,2762,92,87,27584,0
2861,2453,2762,92,87,27585,0
2861,2454,2762,92,87,27586,0
2861,2455,2762,92,87,27587,0
2861,2456,2762,92,87,27588,0
2861,2457,2762,92,87,27589,0
2861,2458,2762,92,87,27590,0
2861,2459,2762,92,87,27591,0
2861,2460,2762,92,87,27592,0
2861,2461,2762,92,87,27593,0
2861,2462,2762,92,87,27594,0
2861,2463,2762,92,87,27595,0
2861,2464,2762,92,87,27596,0
2861,2465,2762,92,87,27597,0
2861,2466,2762,92,87,27598,0
2861,2467,2762,92,87,27599,0
2861,2468,2762,92,87,27600,0
2861,2469,2762,92,87,27601,0
2861,2470,2762,92,87,27602,0
2861,2471,2762,92,87,27603,0
2861,2472,2762,92,87,27604,0
2861,2473,2762,92,87,27605,0
2861,2474,2762,92,87,27606,0
2861,2475,2762,92,87,27607,0
2861,2476,2762,92,87,27608,0
2861,2477,2762,92,87,27609,0
2861,2478,2762,92,87,27610,0
2861,2479,2762,92,87,27611,0
2861,2480,2762,92,87,27612,0
2861,2481,2762,92,87,27613,0
2862,2482,2762,92,87,27614,0
2862,2483,2762,92,87,27615,0
2862,2484,2762,92,87,27616,0
2862,2485,2762,92,87,27617,0
2862,2486,2762,92,87,27618,0
2862,2487,2762,92,87,27619,0
2862,2488,2762,92,87,27620,0
2862,2489,2762,92,87,27621,0
2862,2490,2762,92,87,27622,0
2862,2491,2762,92,87,27623,0
2862,2492,2762,92,87,27624,0
2862,2493,2762,92,87,27625,0
2862,2494,2762,92,87,27626,0
2862,2495,2762,92,87,27627,0
2862,2496,2762,92,87,27628,0
2862,2497,2762,92,87,27629,0
2862,2498,2762,92,87,27630,0
2862,2499,2762,92,87,27631,0
2862,2500,2762,92,87,27632,0
2862,2501,2762,92,87,27633,0
2862,2502,2762,92,87,27634,0
2862,2503,2762,92,87,27635,0
2862,2504,2762,92,87,27636,0
2862,2505,2762,92,87,27637,0
2862,2506,2762,92,87,27638,0
2862,2507,2762,92,87,27639,0
2862,2508,2762,92,87,27640,0
2862,2509,2762,92,87,27641,0
2862,2510,2762,92,87,27642,0
2862,2511,2762,92,87,27643,0
2862,2512,2762,92,87,27644,0
2862,2513,2762,92,87,27645,0
2862,2514,2762,92,87,27646,0
2862,2515,2762,92,87,27647,0
2862,2516,2762,92,87,27648,0
2862,2517,2762,92,87,27649,0
2862,2518,2762,92,87,27650,0
2862,2519,2762,92,87,27651,0
2862,2520,2762,92,87,27652,0
2862,2521,2762,92,87,27653,0
2862,2522,2762,92,87,27654,0
2862,2523,2762,92,87,27655,0
2862,2524,2762,92,87,27656,0
2862,2525,2762,92,87,27657,0
2862,2526,2762,92,87,27658,0
2880,2527,2762,92,87,27659,0
2880,2528,2762,92,87,27660,0
2880,2529,2762,92,87,27661,0
2880,2530,2762,92,87,27662,0
2880,2531,2762,92,87,27663,0
2880,2532,2762,92,87,27664,0
2880,2533,2762,92,87,27665,0
2880,2534,2762,92,87,27666,0
2880,2535,2762,92,87,27667,0
2975,2536,2762,92,87,27668,0
2975,2537,2762,92,87,27669,0
2975,2538,2762,92,87,27670,0
2975,2539,2762,92,87,27671,0
2975,2540,2762,92,87,27672,0
2975,2541,2762,92,87,27673,0
2975,2542,2762,92,87,27674,0
2975,2543,2762,92,87,27675,0
2975,2544,2762,92,87,27676,0
2975,2545,2762,92,87,27677,0
2975,2546,2762,92,87,27678,0
2975,2547,2762,92,87,27679,0
2975,2548,2762,92,87,27680,0
2975,2549,2762,92,87,27681,0
2975,2550,2762,92,87,27682,0
2975,2551,2762,92,87,27683,0
2975,2552,2762,92,87,27684,0
2975,2553,2762,92,87,27685,0
2975,2554,2762,92,87,27686,0
2975,2555,2762,92,87,27687,0
2975,2556,2762,92,87,27688,0
2975,2557,2762,92,87,27689,0
2975,2558,2762,92,87,27690,0
2975,2559,2762,92,87,27691,0
2975,2560,2762,92,87,27692,0
2975,2561,2762,92,87,27693,0
2975,2562,2762,92,87,27694,0
2975,2563,2762,92,87,27695,0
2975,2564,2762,92,87,27696,0
2975,2565,2762,92,87,27697,0
2975,2566,2762,92,87,27698,0
2975,2567,2762,92,87,27699,0
2975,2568,2762,92,87,27700,0
2975,2569,2762,92,87,27701,0
2975,2570,2762,92,87,27702,0
2975,2571,2762,92,87,27703,0
2975,2572,2762,92,87,27704,0
2975,2573,2762,92,87,27705,0
2975,2574,2762,92,87,27706,0
2975,2575,2762,92,87,27707,0
2975,2576,2762,92,87,27708,0
2975,2577,2762,92,87,27709,0
2975,2578,2762,92,87,27710,0
2975,2579,2762,92,87,27711,0
2975,2580,2762,92,87,27712,0
2975,2581,2762,92,87,27713,0
2975,2582,2762,92,87,27714,0
2975,2583,2762,92,87,27715,0
2975,2584,2762,92,87,27716,0
2975,2585,2762,92,87,27717,0
2975,2586,2762,92,87,27718,0
2975,2587,2762,92,87,27719,0
2975,2588,2762,92,87,27720,0
2975,2589,2762,92,87,27721,0
2975,2590,2762,92,87,27722,0
2975,2591,2762,92,87,27723,0
2975,2592,2762,92,87,27724,0
2975,2593,2762,92,87,27725,0
2975,2594,2762,92,87,27726,0
2975,2595,2762,92,87,27727,0
2975,2596,2762,92,87,27728,0
2975,2597,2762,92,87,27729,0
2975,2598,2762,92,87,27730,0
2975,2599,2762,92,87,27731,0
2975,2600,2762,92,87,27732,0
2975,2601,2762,92,87,27733,0
2975,2602,2762,92,87,27734,0
2975,2603,2762,92,87,27735,0
2975,2604,2762,92,87,27736,0
2975,2605,2762,92,87,27737,0
2975,2606,2762,92,87,27738,0
2975,2607,2762,92,87,27739,0
2975,2608,2762,92,87,27740,0
2975,2609,2762,92,87,27741,0
2975,2610,2762,92,87,27742,0
2975,2611,2762,92,87,27743,0
2975,2612,2762,92,87,27744,0
2975,2613,2762,92,87,27745,0
2975,2614,2762,92,87,27746,0
2975,2615,2762,92,87,27747,0
2975,2616,2762,92,87,27748,0
2975,2617,2762,92,87,27749,0
2975,2618,2762,92,87,27750,0
2975,2619,2762,92,87,27751,0
2975,2620,2762,92,87,27752,0
2990,2621,2762,92,87,27753,0
2990,2622,2762,92,87,27754,0
2990,2623,2762,92,87,27755,0
2990,2624,2762,92,87,27756,0
2990,2625,2762,92,87,27757,0
2990,2626,2762,92,87,27758,0
2990,2627,2762,92,87,27759,0
2990,2628,2762,92,87,27760,0
2990,2629,2762,92,87,27761,0
3091,2630,2762,92,87,27762,0
3091,2631,2762,92,87,27763,0
3091,2632,2762,92,87,27764,0
3091,2633,2762,92,87,27765,0
3091,2634,2762,92,87,27766,0
3091,2635,2762,92,87,27767,0
3091,2636,2762,92,87,27768,0
3091,2637,2762,92,87,27769,0
3091,2638,2762,92,87,27770,0
3091,2639,2762,92,87,27771,0
3091,2640,2762,92,87,27772,0
3091,2641,2762,92,87,27773,0
3091,2642,2762,92,87,27774,0
3091,2643,2762,92,87,27775,0
3091,2644,2762,92,87,27776,0
3091,2645,2762,92,87,27777,0
3091,2646,2762,92,87,27778,0
3091,2647,2762,92,87,27779,0
3091,2648,2762,92,87,27780,0
3091,2649,2762,92,87,27781,0
3091,2650,2762,92,87,27782,0
3091,2651,2762,92,87,27783,0
3091,2652,2762,92,87,27784,0
3091,2653,2762,92,87,27785,0
3091,2654,2762,92,87,27786,0
3091,2655,2762,92,87,27787,0
3091,2656,2762,92,87,27788,0
3091,2657,2762,92,87,27789,0
3091,2658,2762,92,87,27790,0
3091,2659,2762,92,87,27791,0
3091,2660,2762,92,87,27792,0
3091,2661,2762,92,87,27793,0
3091,2662,2762,92,87,27794,0
3091,2663,2762,92,87,27795,0
3091,2664,2762,92,87,27796,0
3091,2665,2762,92,87,27797,0
3091,2666,2762,92,87,27798,0
3091,2667,2762,92,87,27799,0
3091,2668,2762,92,87,27800,0
3091,2669,2762,92,87,27801,0
3091,2670,2762,92,87,27802,0
3091,2671,2762,92,87,27803,0
3091,2672,2762,92,87,27804,0
3091,2673,2762,92,87,27805,0
3091,2674,2762,92,87,27806,0
3091,2675,2762,92,87,27807,0
3091,2676,2762,92,87,27808,0
3091,2677,2762,92,87,27809,0
3091,2678,2762,92,87,27810,0
3091,2679,2762,92,87,27811,0
3091,2680,2762,92,87,27812,0
3091,2681,2762,92,87,27813,0
3091,2682,2762,92,87,27814,0
3091,2683,2762,92,87,27815,0
3091,2684,2762,92,87,27816,0
3091,2685,2762,92,87,27817,0
3091,2686,2762,92,87,27818,0
3091,2687,2762,92,87,27819,0
3091,2688,2762,92,87,27820,0
3091,2689,2762,92,87,27821,0
3091,2690,2762,92,87,27822,0
3091,2691,2762,92,87,27823,0
3091,2692,2762,92,87,27824,0
3091,2693,2762,92,87,27825,0
3091,2694,2762,92,87,27826,0
3091,2695,2762,92,87,27827,0
3091,2696,2762,92,87,27828,0
3091,2697,2762,92,87,27829,0
3091,2698,2762,92,87,27830,0
3091,2699,2762,92,87,27831,0
3091,2700,2762,92,87,27832,0
3091,2701,2762,92,87,27833,0
3091,2702,2762,92,87,27834,0
3091,2703,2762,92,87,27835,0
3091,2704,2762,92,87,27836,0
3091,2705,2762,92,87,27837,0
3091,2706,2762,92,87,27838,0
3091,2707,2762,92,87,27839,0
3091,2708,2762,92,87,27840,0
3091,2709,2762,92,87,27841,0
3091,2710,2762,92,87,27842,0
3091,2711,2762,92,87,27843,0
3091,2712,2762,92,87,27844,0
3091,2713,2762,92,87,27845,0
3091,2714,2762,92,87,27846,0
3110,2715,2762,92,87,27847,0
3110,2716,2762,92,87,27848,0
3110,2717,2762,92,87,27849,0
3110,2718,2762,92,87,27850,0
3110,2719,2762,92,87,27851,0
3110,2720,2762,92,87,27852,0
3110,2721,2762,92,87,27853,0
3110,2722,2762,92,87,27854,0
3110,2723,2762,92,87,27855,0
3210,2724,2762,92,87,27856,0
3210,2725,2762,92,87,27857,0
3210,2726,2762,92,87,27858,0
3210,2727,2762,92,87,27859,0
3210,2728,2762,92,87,27860,0
3210,2729,2762,92,87,27861,0
3210,2730,2762,92,87,27862,0
3210,2731,2762,92,87,27863,0
3210,2732,2762,92,87,27864,0
3210,2733,2762,92,87,27865,0
3210,2734,2762,92,87,27866,0
3210,2735,2762,92,87,27867,0
3210,2736,2762,92,87,27868,0
3210,2737,2762,92,87,27869,0
3210,2738,2762,92,87,27870,0
3210,2739,2762,92,87,27871,0
3210,2740,2762,92,87,27872,0
3210,2741,2762,92,87,27873,0
3210,2742,2762,92,87,27874,0
3210,2743,2762,92,87,27875,0
3210,2744,2762,92,87,27876,0
3210,2745,2762,92,87,27877,0
3210,2746,2762,92,87,27878,0
3210,2747,2762,92,87,27879,0
3210,2748,2762,92,87,27880,0
3210,2749,2762,92,87,27881,0
3210,2750,2762,92,87,27882,0
3210,2751,2762,92,87,27883,0
3210,2752,2762,92,87,27884,0
3210,2753,2762,92,87,27885,0
3210,2754,2762,92,87,27886,0
3210,2755,2762,92,87,27887,0
3210,2756,2762,92,87,27888,0
3210,2757,2762,92,87,27889,0
3210,2758,2762,92,87,27890,0
3210,2759,2762,92,87,27891,0
3210,2760,2762,92,87,27892,0
3210,2761,2762,92,87,27893,0
3210,2762,2762,92,87,27894,0
3210,2763,2762,92,87,27895,0
3210,2764,2762,92,87,27896,0
3210,2765,2762,92,87,27897,0
3210,2766,2762,92,87,27898,0
3210,2767,2762,92,87,27899,0
3210,2768,2762,92,87,27900,0
3210,2769,2762,92,87,27901,0
3210,2770,2762,92,87,27902,0
3210,2771,2762,92,87,27903,0
3210,2772,2762,92,87,27904,0
3210,2773,2762,92,87,27905,0
3210,2774,2762,92,87,27906,0
3210,2775,2762,92,87,27907,0
3210,2776,2762,92,87,27908,0
3210,2777,2762,92,87,27909,0
3210,2778,2762,92,87,27910,0
3210,2779,2762,92,87,27911,0
3210,2780,2762,92,87,27912,0
3210,2781,2762,92,87,27913,0
3210,2782,2762,92,87,27914,0
3210,2783,2762,92,87,27915,0
3210,2784,2762,92,87,27916,0
3210,2785,2762,92,87,27917,0
3210,2786,2762,92,87,27918,0
3210,2787,2762,92,87,27919,0
3210,2788,2762,92,87,27920,0
3210,2789,2762,92,87,27921,0
3210,2790,2762,92,87,27922,0
3210,2791,2762,92,87,27923,0
3210,2792,2762,92,87,27924,0
3210,2793,2762,92,87,27925,0
3210,2794,2762,92,87,27926,0
3210,2795,2762,92,87,27927,0
3210,2796,2762,92,87,27928,0
3210,2797,2762,92,87,27929,0
3210,2798,2762,92,87,27930,0
3210,2799,2762,92,87,27931,0
3210,2800,2762,92,87,27932,0
3210,2801,2762,92,87,27933,0
3210,2802,2762,92,87,27934,0
3210,2803,2762,92,87,27935,0
3210,2804,2762,92,87,27936,0
3210,2805,2762,92,87,27937,0
3210,2806,2762,92,87,27938,0
3210,2807,2762,92,87,27939,0
3210,2808,2762,92,87,27940,0
3230,2809,2762,92,87,27941,0
3230,2810,2762,92,87,27942,0
3230,2811,2762,92,87,27943,0
3230,2812,2762,92,87,27944,0
3230,2813,2762,92,87,27945,0
3230,2814,2762,92,87,27946,0
3230,2815,2762,92,87,27947,0
3230,2816,2762,92,87,27948,0
3230,2817,2762,92,87,27949,0
3330,2818,2762,92,87,27950,0
3330,2819,2762,92,87,27951,0
3330,2820,2762,92,87,27952,0
3330,2821,2762,92,87,27953,0
3330,2822,2762,92,87,27954,0
3330,2823,2762,92,87,27955,0
3330,2824,2762,92,87,27956,0
3330,2825,2762,92,87,27957,0
3330,2826,2762,92,87,27958,0
3330,2827,2762,92,87,27959,0
3330,2828,2762,92,87,27960,0
3330,2829,2762,92,87,27961,0
3330,2830,2762,92,87,27962,0
3330,2831,2762,92,87,27963,0
3330,2832,2762,92,87,27964,0
3330,2833,2762,92,87,27965,0
3330,2834,2762,92,87,27966,0
3330,2835,2762,92,87,27967,0
3330,2836,2762,92,87,27968,0
3330,2837,2762,92,87,27969,0
3330,2838,2762,92,87,27970,0
3330,2839,2762,92,87,27971,0
3330,2840,2762,92,87,27972,0
3330,2841,2762,92,87,27973,0
3330,2842,2762,92,87,27974,0
3330,2843,2762,92,87,27975,0
3330,2844,2762,92,87,27976,0
3330,2845,2762,92,87,27977,0
3330,2846,2762,92,87,27978,0
3330,2847,2762,92,87,27979,0
3330,2848,2762,92,87,27980,0
3330,2849,2762,92,87,27981,0
3330,2850,2762,92,87,27982,0
3330,2851,2762,92,87,27983,0
3330,2852,2762,92,87,27984,0
3330,2853,2762,92,87,27985,0
3330,2854,2762,92,87,27986,0
3330,2855,2762,92,87,27987,0
3330,2856,2762,92,87,27988,0
3330,2857,2762,92,87,27989,0
3330,2858,2762,92,87,27990,0
3330,2859,2762,92,87,27991,0
3330,2860,2762,92,87,27992,0
3330,2861,2762,92,87,27993,0
3330,2862,2762,92,87,27994,0
3330,2863,2762,92,87,27995,0
3330,2864,2762,92,87,27996,0
3330,2865,2762,92,87,27997,0
3330,2866,2762,92,87,27998,0
3330,2867,2762,92,87,27999,0
3330,2868,2762,92,87,28000,0
3330,2869,2762,92,87,28001,0
3330,2870,2762,92,87,28002,0
3330,2871,2762,92,87,28003,0
3330,2872,2762,92,87,28004,0
3330,2873,2762,92,87,28005,0
3330,2874,2762,92,87,28006,0
3330,2875,2762,92,87,28007,0
3330,2876,2762,92,87,28008,0
3330,2877,2762,92,87,28009,0
3330,2878,2762,92,87,28010,0
3330,2879,2762,92,87,28011,0
3330,2880,2762,92,87,28012,0
3330,2881,2762,92,87,28013,0
3330,2882,2762,92,87,28014,0
3330,2883,2762,92,87,28015,0
3330,2884,2762,92,87,28016,0
3330,2885,2762,92,87,28017,0
3330,2886,2762,92,87,28018,0
3330,2887,2762,92,87,28019,0
3330,2888,2762,92,87,28020,0
3330,2889,2762,92,87,28021,0
3330,2890,2762,92,87,28022,0
3330,2891,2762,92,87,28023,0
3330,2892,2762,92,87,28024,0
3330,2893,2762,92,87,28025,0
3330,2894,2762,92,87,28026,0
3330,2895,2762,92,87,28027,0
3330,2896,2762,92,87,28028,0
3330,2897,2762,92,87,28029,0
3330,2898,2762,92,87,28030,0
3330,2899,2762,92,87,28031,0
3330,2900,2762,92,87,28032,0
3330,2901,2762,92,87,28033,0
3330,2902,2762,92,87,28034,0
3350,2903,2762,92,87,28035,0
3350,2904,2762,92,87,28036,0
3350,2905,2762,92,87,28037,0
3350,2906,2762,92,87,28038,0
3350,2907,2762,92,87,28039,0
3350,2908,2762,92,87,28040,0
3350,2909,2762,92,87,28041,0
3350,2910,2762,92,87,28042,0
3351,2911,2762,92,87,28043,0
3430,2912,2762,92,87,28044,0
3430,2913,2762,92,87,28045,0
3430,2914,2762,92,87,28046,0
3430,2915,2762,92,87,28047,0
3430,2916,2762,92,87,28048,0
3430,2917,2762,92,87,28049,0
3430,2918,2762,92,87,28050,0
3430,2919,2762,92,87,28051,0
3430,2920,2762,92,87,28052,0
3431,2921,2762,92,87,28053,0
3431,2922,2762,92,87,28054,0
3431,2923,2762,92,87,28055,0
3431,2924,2762,92,87,28056,0
3431,2925,2762,92,87,28057,0
3431,2926,2762,92,87,28058,0
3431,2927,2762,92,87,28059,0
3431,2928,2762,92,87,28060,0
3431,2929,2762,92,87,28061,0
3431,2930,2762,92,87,28062,0
3431,2931,2762,92,87,28063,0
3431,2932,2762,92,87,28064,0
3431,2933,2762,92,87,28065,0
3431,2934,2762,92,87,28066,0
3431,2935,2762,92,87,28067,0
3432,2936,2762,92,87,28068,0
3432,2937,2762,92,87,28069,0
3432,2938,2762,92,87,28070,0
3432,2939,2762,92,87,28071,0
3432,2940,2762,92,87,28072,0
3432,2941,2762,92,87,28073,0
3432,2942,2762,92,87,28074,0
3432,2943,2762,92,87,28075,0
3432,2944,2762,92,87,28076,0
3432,2945,2762,92,87,28077,0
3432,2946,2762,92,87,28078,0
3432,2947,2762,92,87,28079,0
3432,2948,2762,92,87,28080,0
3432,2949,2762,92,87,28081,0
3432,2950,2762,92,87,28082,0
3432,2951,2762,92,87,28083,0
3432,2952,2762,92,87,28084,0
3432,2953,2762,92,87,28085,0
3432,2954,2762,92,87,28086,0
3432,2955,2762,92,87,28087,0
3432,2956,2762,92,87,28088,0
3432,2957,2762,92,87,28089,0
3432,2958,2762,92,87,28090,0
3432,2959,2762,92,87,28091,0
3432,2960,2762,92,87,28092,0
3432,2961,2762,92,87,28093,0
3432,2962,2762,92,87,28094,0
3432,2963,2762,92,87,28095,0
3432,2964,2762,92,87,28096,0
3432,2965,2762,92,87,28097,0
3432,2966,2762,92,87,28098,0
3432,2967,2762,92,87,28099,0
3432,2968,2762,92,87,28100,0
3432,2969,2762,92,87,28101,0
3432,2970,2762,92,87,28102,0
3432,2971,2762,92,87,28103,0
3432,2972,2762,92,87,28104,0
3432,2973,2762,92,87,28105,0
3432,2974,2762,92,87,28106,0
3432,2975,2762,92,87,28107,0
3432,2976,2762,92,87,28108,0
3432,2977,2762,92,87,28109,0
3432,2978,2762,92,87,28110,0
3432,2979,2762,92,87,28111,0
3432,2980,2762,92,87,28112,0
3432,2981,2762,92,87,28113,0
3432,2982,2762,92,87,28114,0
3432,2983,2762,92,87,28115,0
3432,2984,2762,92,87,28116,0
3432,2985,2762,92,87,28117,0
3432,2986,2762,92,87,28118,0
3432,2987,2762,92,87,28119,0
3432,2988,2762,92,87,28120,0
3432,2989,2762,92,87,28121,0
3432,2990,2762,92,87,28122,0
3432,2991,2762,92,87,28123,0
3432,2992,2762,92,87,28124,0
3451,2993,2762,92,87,28125,0
3451,2994,2762,92,87,28126,0
3451,2995,2762,92,87,28127,0
3451,2996,2762,92,87,28128,0
3451,2997,2762,92,87,28129,0
3451,2998,2762,92,87,28130,0
3451,2999,2762,92,87,28131,0
3451,3000,2762,92,87,28132,0
3451,3001,2762,92,87,28133,0
3540,3002,2762,92,87,28134,0
3540,3003,2762,92,87,28135,0
3540,3004,2762,92,87,28136,0
3540,3005,2762,92,87,28137,0
3540,3006,2762,92,87,28138,0
3540,3007,2762,92,87,28139,0
3540,3008,2762,92,87,28140,0
3540,3009,2762,92,87,28141,0
3540,3010,2762,92,87,28142,0
3540,3011,2762,92,87,28143,0
3540,3012,2762,92,87,28144,0
3540,3013,2762,92,87,28145,0
3540,3014,2762,92,87,28146,0
3540,3015,2762,92,87,28147,0
3540,3016,2762,92,87,28148,0
3540,3017,2762,92,87,28149,0
3540,3018,2762,92,87,28150,0
3540,3019,2762,92,87,28151,0
3540,3020,2762,92,87,28152,0
3540,3021,2762,92,87,28153,0
3540,3022,2762,92,87,28154,0
3540,3023,2762,92,87,28155,0
3540,3024,2762,92,87,28156,0
3540,3025,2762,92,87,28157,0
3540,3026,2762,92,87,28158,0
3540,3027,2762,92,87,28159,0
3540,3028,2762,92,87,28160,0
3540,3029,2762,92,87,28161,0
3540,3030,2762,92,87,28162,0
3540,3031,2762,92,87,28163,0
3540,3032,2762,92,87,28164,0
3540,3033,2762,92,87,28165,0
3540,3034,2762,92,87,28166,0
3540,3035,2762,92,87,28167,0
3540,3036,2762,92,87,28168,0
3540,3037,2762,92,87,28169,0
3540,3038,2762,92,87,28170,0
3540,3039,2762,92,87,28171,0
3540,3040,2762,92,87,28172,0
3540,3041,2762,92,87,28173,0
3540,3042,2762,92,87,28174,0
3540,3043,2762,92,87,28175,0
3540,3044,2762,92,87,28176,0
3540,3045,2762,92,87,28177,0
3540,3046,2762,92,87,28178,0
3540,3047,2762,92,87,28179,0
3540,3048,2762,92,87,28180,0
3540,3049,2762,92,87,28181,0
3540,3050,2762,92,87,28182,0
3540,3051,2762,92,87,28183,0
3540,3052,2762,92,87,28184,0
3540,3053,2762,92,87,28185,0
3540,3054,2762,92,87,28186,0
3540,3055,2762,92,87,28187,0
3540,3056,2762,92,87,28188,0
3540,3057,2762,92,87,28189,0
3540,3058,2762,92,87,28190,0
3540,3059,2762,92,87,28191,0
3540,3060,2762,92,87,28192,0
3540,3061,2762,92,87,28193,0
3540,3062,2762,92,87,28194,0
3540,3063,2762,92,87,28195,0
3540,3064,2762,92,87,28196,0
3540,3065,2762,92,87,28197,0
3540,3066,2762,92,87,28198,0
3540,3067,2762,92,87,28199,0
3540,3068,2762,92,87,28200,0
3540,3069,2762,92,87,28201,0
3540,3070,2762,92,87,28202,0
3540,3071,2762,92,87,28203,0
3540,3072,2762,92,87,28204,0
3540,3073,2762,92,87,28205,0
3540,3074,2762,92,87,28206,0
3540,3075,2762,92,87,28207,0
3540,3076,2762,92,87,28208,0
3540,3077,2762,92,87,28209,0
3540,3078,2762,92,87,28210,0
3540,3079,2762,92,87,28211,0
3540,3080,2762,92,87,28212,0
3540,3081,2762,92,87,28213,0
3540,3082,2762,92,87,28214,0
3540,3083,2762,92,87,28215,0
3540,3084,2762,92,87,28216,0
3540,3085,2762,92,87,28217,0
3540,3086,2762,92,87,28218,0
3559,3087,2762,92,87,28219,0
3559,3088,2762,92,87,28220,0
3559,3089,2762,92,87,28221,0
3559,3090,2762,92,87,28222,0
3559,3091,2762,92,87,28223,0
3559,3092,2762,92,87,28224,0
3559,3093,2762,92,87,28225,0
3559,3094,2762,92,87,28226,0
3559,3095,2762,92,87,28227,0
3659,3096,2762,92,87,28228,0
3659,3097,2762,92,87,28229,0
3659,3098,2762,92,87,28230,0
3659,3099,2762,92,87,28231,0
3659,3100,2762,92,87,28232,0
3659,3101,2762,92,87,28233,0
3659,3102,2762,92,87,28234,0
3659,3103,2762,92,87,28235,0
3659,3104,2762,92,87,28236,0
3659,3105,2762,92,87,28237,0
3659,3106,2762,92,87,28238,0
3659,3107,2762,92,87,28239,0
3659,3108,2762,92,87,28240,0
3659,3109,2762,92,87,28241,0
3659,3110,2762,92,87,28242,0
3659,3111,2762,92,87,28243,0
3659,3112,2762,92,87,28244,0
3659,3113,2762,92,87,28245,0
3659,3114,2762,92,87,28246,0
3659,3115,2762,92,87,28247,0
3659,3116,2762,92,87,28248,0
3659,3117,2762,92,87,28249,0
3659,3118,2762,92,87,28250,0
3659,3119,2762,92,87,28251,0
3659,3120,2762,92,87,28252,0
3659,3121,2762,92,87,28253,0
3659,3122,2762,92,87,28254,0
3659,3123,2762,92,87,28255,0
3659,3124,2762,92,87,28256,0
3659,3125,2762,92,87,28257,0
3659,3126,2762,92,87,28258,0
3659,3127,2762,92,87,28259,0
3659,3128,2762,92,87,28260,0
3659,3129,2762,92,87,28261,0
3659,3130,2762,92,87,28262,0
3659,3131,2762,92,87,28263,0
3659,3132,2762,92,87,28264,0
3659,3133,2762,92,87,28265,0
3659,3134,2762,92,87,28266,0
3659,3135,2762,92,87,28267,0
3659,3136,2762,92,87,28268,0
3659,3137,2762,92,87,28269,0
3659,3138,2762,92,87,28270,0
3659,3139,2762,92,87,28271,0
3659,3140,2762,92,87,28272,0
3659,3141,2762,92,87,28273,0
3659,3142,2762,92,87,28274,0
3659,3143,2762,92,87,28275,0
3659,3144,2762,92,87,28276,0
3659,3145,2762,92,87,28277,0
3659,3146,2762,92,87,28278,0
3659,3147,2762,92,87,28279,0
3659,3148,2762,92,87,28280,0
3659,3149,2762,92,87,28281,0
3659,3150,2762,92,87,28282,0
3659,3151,2762,92,87,28283,0
3659,3152,2762,92,87,28284,0
3659,3153,2762,92,87,28285,0
3659,3154,2762,92,87,28286,0
3659,3155,2762,92,87,28287,0
3659,3156,2762,92,87,28288,0
3659,3157,2762,92,87,28289,0
3659,3158,2762,92,87,28290,0
3659,3159,2762,92,87,28291,0
3659,3160,2762,92,87,28292,0
3659,3161,2762,92,87,28293,0
3659,3162,2762,92,87,28294,0
3659,3163,2762,92,87,28295,0
3659,3164,2762,92,87,28296,0
3659,3165,2762,92,87,28297,0
3659,3166,2762,92,87,28298,0
3659,3167,2762,92,87,28299,0
3659,3168,2762,92,87,28300,0
3659,3169,2762,92,87,28301,0
3659,3170,2762,92,87,28302,0
3659,3171,2762,92,87,28303,0
3659,3172,2762,92,87,28304,0
3659,3173,2762,92,87,28305,0
3659,3174,2762,92,87,28306,0
3659,3175,2762,92,87,28307,0
3659,3176,2762,92,87,28308,0
3659,3177,2762,92,87,28309,0
3659,3178,2762,92,87,28310,0
3659,3179,2762,92,87,28311,0
3659,3180,2762,92,87,28312,0
3659,3181,2762,92,87,28313,0
3659,3182,2762,92,87,28314,0
3659,3183,2762,92,87,28315,0
3659,3184,2762,92,87,28316,0
3659,3185,2762,92,87,28317,0
3659,3186,2762,92,87,28318,0
3659,3187,2762,92,87,28319,0
3659,3188,2762,92,87,28320,0
3659,3189,2762,92,87,28321,0
3659,3190,2762,92,87,28322,0
3659,3191,2762,92,87,28323,0
3659,3192,2762,92,87,28324,0
3659,3193,2762,92,87,28325,0
3659,3194,2762,92,87,28326,0
3659,3195,2762,92,87,28327,0
3659,3196,2762,92,87,28328,0
3760,3197,2762,92,87,28329,0
3760,3198,2762,92,87,28330,0
3760,3199,2762,92,87,28331,0
3760,3200,2762,92,88,28331,0
3760,3201,2762,92,88,28332,0
3760,3202,2762,92,88,28333,0
3760,3203,2762,92,88,28334,0
3760,3204,2762,92,88,28335,0
3760,3205,2762,92,88,28336,0
3760,3206,2762,92,88,28337,0
3760,3207,2762,92,88,28338,0
3760,3208,2762,92,88,28339,0
3760,3209,2762,92,88,28340,0
3760,3210,2762,92,88,28341,0
3760,3211,2762,92,88,28342,0
3760,3212,2762,92,88,28343,0
3760,3213,2762,92,88,28344,0
3760,3214,2762,92,88,28345,0
3760,3215,2762,92,88,28346,0
3760,3216,2762,92,88,28347,0
3760,3217,2762,92,88,28348,0
3760,3218,2762,92,88,28349,0
3760,3219,2762,92,88,28350,0
3760,3221,3760,93,88,28351,0
3760,3222,3760,93,88,28352,0
3760,3223,3760,93,88,28353,0
3760,3224,3760,93,88,28354,0
3760,3225,3760,93,89,28354,0
3760,3226,3760,93,89,28355,0
3760,3227,3760,93,89,28356,0
3760,3228,3760,93,89,28357,0
3760,3229,3760,93,89,28358,0
3760,3230,3760,93,89,28359,0
3760,3232,3760,94,89,28360,0
3760,3233,3760,94,89,28361,0
3760,3234,3760,94,89,28362,0
3760,3235,3760,94,89,28363,0
3760,3236,3760,94,89,28364,0
3760,3237,3760,94,89,28365,0
3760,3238,3760,94,89,28366,0
3760,3239,3760,94,89,28367,0
3760,3240,3760,94,89,28368,0
3760,3241,3760,94,89,28369,0
3760,3242,3760,94,89,28370,0
3760,3243,3760,94,89,28371,0
3760,3244,3760,94,89,28372,0
3760,3245,3760,94,89,28373,0
3760,3246,3760,94,89,28374,0
3760,3247,3760,94,89,28375,0
3760,3248,3760,94,89,28376,0
3760,3249,3760,94,89,28377,0
3760,3250,3760,94,89,28378,0
3760,3251,3760,94,89,28379,0
3760,3252,3760,94,89,28380,0
3760,3253,3760,94,89,28381,0
3760,3254,3760,94,89,28382,0
3760,3255,3760,94,89,28383,0
3760,3256,3760,94,90,28383,0
3760,3257,3760,94,90,28384,0
3760,3258,3760,94,90,28385,0
3760,3259,3760,94,90,28386,0
3760,3260,3760,94,90,28387,0
3760,3261,3760,94,90,28388,0
3760,3262,3760,94,90,28389,0
3760,3263,3760,94,90,28390,0
3760,3264,3760,94,90,28391,0
3760,3265,3760,94,90,28392,0
3760,3266,3760,94,90,28393,0
3760,3267,3760,94,90,28394,0
3760,3268,3760,94,90,28395,0
3760,3269,3760,94,90,28396,0
3760,3271,3760,95,90,28397,0
3760,3272,3760,95,90,28398,0
3760,3273,3760,95,90,28399,0
3760,3274,3760,95,90,28400,0
3760,3275,3760,95,90,28401,0
3760,3276,3760,95,90,28402,0
3760,3277,3760,95,90,28403,0
3760,3278,3760,95,90,28404,0
3760,3279,3760,95,90,28405,0
3760,3280,3760,95,90,28406,0
3760,3281,3760,95,90,28407,0
3760,3282,3760,95,91,28407,0
3760,3283,3760,95,91,28408,0
3760,3284,3760,95,91,28409,0
3760,3285,3760,95,91,28410,0
3760,3286,3760,95,91,28411,0
3760,3287,3760,95,91,28412,0
3760,3288,3760,95,91,28413,0
3760,3289,3760,95,91,28414,0
3760,3290,3760,95,91,28415,0
3760,3291,3760,95,91,28416,0
3760,3292,3760,95,91,28417,0
3760,3293,3760,95,91,28418,0
3760,3294,3760,95,91,28419,0
3760,3295,3760,95,91,28420,0
3760,3296,3760,95,91,28421,0
3760,3297,3760,95,91,28422,0
3760,3298,3760,95,91,28423,0
3760,3299,3760,95,91,28424,0
3760,3300,3760,95,91,28425,0
3860,3302,3760,96,91,28426,0
3860,3303,3760,96,91,28427,0
3860,3304,3760,96,91,28428,0
3860,3305,3760,96,91,28429,0
3860,3306,3760,96,91,28430,0
3861,3307,3760,96,91,28431,0
3861,3308,3760,96,91,28432,0
3861,3309,3760,96,91,28433,0
3862,3310,3760,96,91,28434,0
3862,3311,3760,96,91,28435,0
3862,3312,3760,96,91,28436,0
3862,3313,3760,96,91,28437,0
3862,3314,3760,96,91,28438,0
3862,3315,3760,96,91,28439,0
3862,3316,3760,96,91,28440,0
3862,3317,3760,96,91,28441,0
3862,3318,3760,96,91,28442,0
3862,3319,3760,96,91,28443,0
3862,3320,3760,96,91,28444,0
3862,3321,3760,96,91,28445,0
3862,3322,3760,96,91,28446,0
3862,3323,3760,96,91,28447,0
3862,3324,3760,96,91,28448,0
3862,3325,3760,96,91,28449,0
3862,3326,3760,96,91,28450,0
3862,3327,3760,96,91,28451,0
3862,3328,3760,96,91,28452,0
3862,3329,3760,96,91,28453,0
3862,3330,3760,96,91,28454,0
3862,3331,3760,96,91,28455,0
3862,3332,3760,96,91,28456,0
3862,3333,3760,96,91,28457,0
3862,3334,3760,96,91,28458,0
3862,3335,3760,96,91,28459,0
3862,3336,3760,96,91,28460,0
3862,3337,3760,96,91,28461,0
3862,3338,3760,96,91,28462,0
3862,3339,3760,96,91,28463,0
3862,3340,3760,96,91,28464,0
3862,3341,3760,96,91,28465,0
3862,3342,3760,96,91,28466,0
3862,3343,3760,96,91,28467,0
3862,3344,3760,96,91,28468,0
3862,3345,3760,96,91,28469,0
3862,3346,3760,96,91,28470,0
3862,3347,3760,96,91,28471,0
3862,3348,3760,96,91,28472,0
3862,3349,3760,96,91,28473,0
3862,3350,3760,96,91,28474,0
3862,3351,3760,96,91,28475,0
3862,3352,3760,96,91,28476,0
3862,3353,3760,96,91,28477,0
3862,3354,3760,96,91,28478,0
3862,3355,3760,96,91,28479,0
3862,3356,3760,96,91,28480,0
3862,3357,3760,96,91,28481,0
3862,3358,3760,96,91,28482,0
3862,3359,3760,96,91,28483,0
3862,3360,3760,96,91,28484,0
3862,3361,3760,96,91,28485,0
3862,3362,3760,96,91,28486,0
3862,3363,3760,96,91,28487,0
3862,3364,3760,96,91,28488,0
3862,3365,3760,96,91,28489,0
3862,3366,3760,96,91,28490,0
3862,3367,3760,96,91,28491,0
3862,3368,3760,96,91,28492,0
3862,3369,3760,96,91,28493,0
3862,3370,3760,96,91,28494,0
3862,3371,3760,96,91,28495,0
3862,3372,3760,96,91,28496,0
3862,3373,3760,96,91,28497,0
3862,3374,3760,96,91,28498,0
3862,3375,3760,96,91,28499,0
3862,3376,3760,96,91,28500,0
3862,3377,3760,96,91,28501,0
3862,3378,3760,96,91,28502,0
3862,3379,3760,96,91,28503,0
3862,3380,3760,96,91,28504,0
3862,3381,3760,96,91,28505,0
3862,3382,3760,96,91,28506,0
3862,3383,3760,96,91,28507,0
3862,3384,3760,96,91,28508,0
3862,3385,3760,96,91,28509,0
3862,3386,3760,96,91,28510,0
3862,3387,3760,96,91,28511,0
3862,3388,3760,96,91,28512,0
3862,3389,3760,96,91,28513,0
3862,3390,3760,96,91,28514,0
3862,3391,3760,96,91,28515,0
3862,3392,3760,96,91,28516,0
3862,3393,3760,96,91,28517,0
3862,3394,3760,96,91,28518,0
3862,3395,3760,96,91,28519,0
3980,3396,3760,96,91,28520,0
3980,3397,3760,96,91,28521,0
3980,3398,3760,96,91,28522,0
3980,3399,3760,96,91,28523,0
3980,3400,3760,96,91,28524,0
3980,3401,3760,96,91,28525,0
3980,3402,3760,96,91,28526,0
3980,3403,3760,96,91,28527,0
3980,3404,3760,96,91,28528,0
3980,3405,3760,96,91,28529,0
3980,3406,3760,96,91,28530,0
3980,3407,3760,96,91,28531,0
3980,3408,3760,96,91,28532,0
3980,3409,3760,96,91,28533,0
3980,3410,3760,96,91,28534,0
3980,3411,3760,96,91,28535,0
3980,3412,3760,96,91,28536,0
3980,3413,3760,96,91,28537,0
3980,3414,3760,96,91,28538,0
3980,3415,3760,96,91,28539,0
3980,3416,3760,96,91,28540,0
3980,3417,3760,96,91,28541,0
3980,3418,3760,96,91,28542,0
3980,3419,3760,96,91,28543,0
3980,3420,3760,96,91,28544,0
3980,3421,3760,96,91,28545,0
3980,3422,3760,96,91,28546,0
3980,3423,3760,96,91,28547,0
3980,3424,3760,96,91,28548,0
3980,3425,3760,96,91,28549,0
3980,3426,3760,96,91,28550,0
3980,3427,3760,96,91,28551,0
3980,3428,3760,96,91,28552,0
3980,3429,3760,96,91,28553,0
3980,3430,3760,96,91,28554,0
3980,3431,3760,96,91,28555,0
3980,3432,3760,96,91,28556,0
3980,3433,3760,96,91,28557,0
3980,3434,3760,96,91,28558,0
3980,3435,3760,96,91,28559,0
3980,3436,3760,96,91,28560,0
3980,3437,3760,96,91,28561,0
3980,3438,3760,96,91,28562,0
3980,3439,3760,96,91,28563,0
3980,3440,3760,96,91,28564,0
3980,3441,3760,96,91,28565,0
3980,3442,3760,96,91,28566,0
3980,3443,3760,96,91,28567,0
3980,3444,3760,96,91,28568,0
3980,3445,3760,96,91,28569,0
3980,3446,3760,96,91,28570,0
3980,3447,3760,96,91,28571,0
3980,3448,3760,96,91,28572,0
3980,3449,3760,96,91,28573,0
3980,3450,3760,96,91,28574,0
3980,3451,3760,96,91,28575,0
3980,3452,3760,96,91,28576,0
3980,3453,3760,96,91,28577,0
3980,3454,3760,96,91,28578,0
3980,3455,3760,96,91,28579,0
3980,3456,3760,96,91,28580,0
3980,3457,3760,96,91,28581,0
3980,3458,3760,96,91,28582,0
3980,3459,3760,96,91,28583,0
3980,3460,3760,96,91,28584,0
3980,3461,3760,96,91,28585,0
3980,3462,3760,96,91,28586,0
3980,3463,3760,96,91,28587,0
3980,3464,3760,96,91,28588,0
3980,3465,3760,96,91,28589,0
3980,3466,3760,96,91,28590,0
3980,3467,3760,96,92,28590,0
3980,3468,3760,96,92,28591,0
3980,3469,3760,96,92,28592,0
3980,3470,3760,96,92,28593,0
3980,3472,3980,97,92,28594,0
3980,3473,3980,97,92,28595,0
3980,3474,3980,97,92,28596,0
3980,3475,3980,97,92,28597,0
3980,3476,3980,97,92,28598,0
3980,3477,3980,97,92,28599,0
3980,3478,3980,97,92,28600,0
3980,3479,3980,97,92,28601,0
3980,3480,3980,97,92,28602,0
3980,3481,3980,97,92,28603,0
3980,3482,3980,97,92,28604,0
3980,3483,3980,97,92,28605,0
3980,3484,3980,97,92,28606,0
3980,3485,3980,97,92,28607,0
3980,3486,3980,97,92,28608,0
3980,3487,3980,97,92,28609,0
3980,3488,3980,97,92,28610,0
3980,3489,3980,97,92,28611,0
3980,3490,3980,97,92,28612,0
3980,3491,3980,97,92,28613,0
3980,3492,3980,97,92,28614,0
3980,3493,3980,97,92,28615,0
3980,3494,3980,97,92,28616,0
3980,3495,3980,97,92,28617,0
3980,3496,3980,97,92,28618,0
3980,3497,3980,97,93,28618,0
4080,3499,3980,98,93,28619,0
4080,3500,3980,98,93,28620,0
4101,3501,3980,98,93,28621,0
4101,3502,3980,98,93,28622,0
4101,3503,3980,98,93,28623,0
4101,3504,3980,98,93,28624,0
4101,3505,3980,98,93,28625,0
4101,3506,3980,98,93,28626,0
4101,3507,3980,98,93,28627,0
4101,3508,3980,98,93,28628,0
4101,3509,3980,98,93,28629,0
4101,3510,3980,98,93,28630,0
4101,3511,3980,98,93,28631,0
4101,3512,3980,98,94,28631,0
4101,3513,3980,98,94,28632,0
4101,3514,3980,98,94,28633,0
4101,3515,3980,98,94,28634,0
4101,3516,3980,98,94,28635,0
4101,3517,3980,98,94,28636,0
4101,3518,3980,98,94,28637,0
4101,3519,3980,98,94,28638,0
4101,3520,3980,98,94,28639,0
4101,3521,3980,98,94,28640,0
4101,3523,4101,99,94,28641,0
4101,3524,4101,99,94,28642,0
4101,3525,4101,99,94,28643,0
4101,3526,4101,99,94,28644,0
4101,3527,4101,99,94,28645,0
4101,3528,4101,99,94,28646,0
4101,3529,4101,99,94,28647,0
4101,3530,4101,99,94,28648,0
4101,3531,4101,99,94,28649,0
4101,3532,4101,99,94,28650,0
4101,3533,4101,99,94,28651,0
4101,3534,4101,99,94,28652,0
4101,3535,4101,99,95,28652,0
4101,3536,4101,99,95,28653,0
4101,3537,4101,99,95,28654,0
4101,3538,4101,99,95,28655,0
4101,3539,4101,99,95,28656,0
